#Inventor V2.1 ascii


DEF ShapesNode Separator {

  DEF ClippingShapes Separator {

    DEF SolidShapes Separator {

      DEF TObjectSet Group {
        DEF Position Separator {
          DEF TIFC Group {
            DEF Position Separator {
              DEF TINX Group {
                DEF CoinShapeNode Separator {
                  DEF Transparent_Shape Group {
                    LightModel {    model BASE_COLOR    }
                    DrawStyle  {    style LINES         }
                    BaseColor  {    rgb 0.2 0.2 0           }
                  }
                  NormalBinding {     value PER_FACE    }
                  Separator {
                    NormalBinding {    value OVERALL    }
                    Normal        {    vector 0 -0 1    }
                    Coordinate3 {
                      point [ 46.187 0 218.255,
                          47.476002 0 218.255,
                          43.926449 14.272568 218.255,
                          45.152359 14.670892 218.255,
                          37.36607 27.148037 218.255,
                          38.408894 27.905693 218.255,
                          27.148037 37.36607 218.255,
                          27.905693 38.408894 218.255,
                          14.272568 43.926449 218.255,
                          14.670892 45.152359 218.255,
                          2.8280448e-15 46.187 218.255,
                          2.9069707e-15 47.476002 218.255,
                          -14.272568 43.926449 218.255,
                          -14.670892 45.152359 218.255,
                          -27.148037 37.36607 218.255,
                          -27.905693 38.408894 218.255,
                          -37.36607 27.148037 218.255,
                          -38.408894 27.905693 218.255,
                          -43.926449 14.272568 218.255,
                          -45.152359 14.670892 218.255,
                          -46.187 5.6560896e-15 218.255,
                          -47.476002 5.8139414e-15 218.255,
                          -43.926449 -14.272568 218.255,
                          -45.152359 -14.670892 218.255,
                          -37.36607 -27.148037 218.255,
                          -38.408894 -27.905693 218.255,
                          -27.148037 -37.36607 218.255,
                          -27.905693 -38.408894 218.255,
                          -14.272568 -43.926449 218.255,
                          -14.670892 -45.152359 218.255,
                          -8.4841344e-15 -46.187 218.255,
                          -8.7209123e-15 -47.476002 218.255,
                          14.272568 -43.926449 218.255,
                          14.670892 -45.152359 218.255,
                          27.148037 -37.36607 218.255,
                          27.905693 -38.408894 218.255,
                          37.36607 -27.148037 218.255,
                          38.408894 -27.905693 218.255,
                          43.926449 -14.272568 218.255,
                          45.152359 -14.670892 218.255,
                          46.187 0 218.255,
                          47.476002 0 218.255 ]

                    }
                    QuadMesh {   verticesPerColumn 21     verticesPerRow 2      }
                  }
                  Separator {
                    Coordinate3 {
                      point [ 43.926449 -14.272568 -218.255,
                          45.152359 -14.670892 -218.255,
                          37.36607 -27.148037 -218.255,
                          38.408894 -27.905693 -218.255,
                          27.148037 -37.36607 -218.255,
                          27.905693 -38.408894 -218.255,
                          14.272568 -43.926449 -218.255,
                          14.670892 -45.152359 -218.255,
                          -8.4841344e-15 -46.187 -218.255,
                          -8.7209123e-15 -47.476002 -218.255,
                          -14.272568 -43.926449 -218.255,
                          -14.670892 -45.152359 -218.255,
                          -27.148037 -37.36607 -218.255,
                          -27.905693 -38.408894 -218.255,
                          -37.36607 -27.148037 -218.255,
                          -38.408894 -27.905693 -218.255,
                          -43.926449 -14.272568 -218.255,
                          -45.152359 -14.670892 -218.255,
                          -46.187 5.6560896e-15 -218.255,
                          -47.476002 5.8139414e-15 -218.255,
                          -43.926449 14.272568 -218.255,
                          -45.152359 14.670892 -218.255,
                          -37.36607 27.148037 -218.255,
                          -38.408894 27.905693 -218.255,
                          -27.148037 37.36607 -218.255,
                          -27.905693 38.408894 -218.255,
                          -14.272568 43.926449 -218.255,
                          -14.670892 45.152359 -218.255,
                          2.8280448e-15 46.187 -218.255,
                          2.9069707e-15 47.476002 -218.255,
                          14.272568 43.926449 -218.255,
                          14.670892 45.152359 -218.255,
                          27.148037 37.36607 -218.255,
                          27.905693 38.408894 -218.255,
                          37.36607 27.148037 -218.255,
                          38.408894 27.905693 -218.255,
                          43.926449 14.272568 -218.255,
                          45.152359 14.670892 -218.255,
                          46.187 0 -218.255,
                          47.476002 0 -218.255,
                          43.926449 -14.272568 -218.255,
                          45.152359 -14.670892 -218.255 ]

                    }
                    QuadMesh {
                      verticesPerColumn 21
                      verticesPerRow 2

                    }
                  }
                  Coordinate3 {
                    point [ 47.476002 0 218.255,
                        47.476002 0 -218.255,
                        45.152359 14.670892 218.255,
                        45.152359 14.670892 -218.255,
                        38.408894 27.905693 218.255,
                        38.408894 27.905693 -218.255,
                        27.905693 38.408894 218.255,
                        27.905693 38.408894 -218.255,
                        14.670892 45.152359 218.255,
                        14.670892 45.152359 -218.255,
                        2.9069707e-15 47.476002 218.255,
                        2.9069707e-15 47.476002 -218.255,
                        -14.670892 45.152359 218.255,
                        -14.670892 45.152359 -218.255,
                        -27.905693 38.408894 218.255,
                        -27.905693 38.408894 -218.255,
                        -38.408894 27.905693 218.255,
                        -38.408894 27.905693 -218.255,
                        -45.152359 14.670892 218.255,
                        -45.152359 14.670892 -218.255,
                        -47.476002 5.8139414e-15 218.255,
                        -47.476002 5.8139414e-15 -218.255,
                        -45.152359 -14.670892 218.255,
                        -45.152359 -14.670892 -218.255,
                        -38.408894 -27.905693 218.255,
                        -38.408894 -27.905693 -218.255,
                        -27.905693 -38.408894 218.255,
                        -27.905693 -38.408894 -218.255,
                        -14.670892 -45.152359 218.255,
                        -14.670892 -45.152359 -218.255,
                        -8.7209123e-15 -47.476002 218.255,
                        -8.7209123e-15 -47.476002 -218.255,
                        14.670892 -45.152359 218.255,
                        14.670892 -45.152359 -218.255,
                        27.905693 -38.408894 218.255,
                        27.905693 -38.408894 -218.255,
                        38.408894 -27.905693 218.255,
                        38.408894 -27.905693 -218.255,
                        45.152359 -14.670892 218.255,
                        45.152359 -14.670892 -218.255,
                        47.476002 0 218.255,
                        47.476002 0 -218.255 ]

                  }
                  QuadMesh {        verticesPerColumn 21        verticesPerRow 2         }
                  Coordinate3 {
                    point [ 46.187 0 -218.255,
                        46.187 0 218.255,
                        43.926449 14.272568 -218.255,
                        43.926449 14.272568 218.255,
                        37.36607 27.148037 -218.255,
                        37.36607 27.148037 218.255,
                        27.148037 37.36607 -218.255,
                        27.148037 37.36607 218.255,
                        14.272568 43.926449 -218.255,
                        14.272568 43.926449 218.255,
                        2.8280448e-15 46.187 -218.255,
                        2.8280448e-15 46.187 218.255,
                        -14.272568 43.926449 -218.255,
                        -14.272568 43.926449 218.255,
                        -27.148037 37.36607 -218.255,
                        -27.148037 37.36607 218.255,
                        -37.36607 27.148037 -218.255,
                        -37.36607 27.148037 218.255,
                        -43.926449 14.272568 -218.255,
                        -43.926449 14.272568 218.255,
                        -46.187 5.6560896e-15 -218.255,
                        -46.187 5.6560896e-15 218.255,
                        -43.926449 -14.272568 -218.255,
                        -43.926449 -14.272568 218.255,
                        -37.36607 -27.148037 -218.255,
                        -37.36607 -27.148037 218.255,
                        -27.148037 -37.36607 -218.255,
                        -27.148037 -37.36607 218.255,
                        -14.272568 -43.926449 -218.255,
                        -14.272568 -43.926449 218.255,
                        -8.4841344e-15 -46.187 -218.255,
                        -8.4841344e-15 -46.187 218.255,
                        14.272568 -43.926449 -218.255,
                        14.272568 -43.926449 218.255,
                        27.148037 -37.36607 -218.255,
                        27.148037 -37.36607 218.255,
                        37.36607 -27.148037 -218.255,
                        37.36607 -27.148037 218.255,
                        43.926449 -14.272568 -218.255,
                        43.926449 -14.272568 218.255,
                        46.187 0 -218.255,
                        46.187 0 218.255 ]

                  }
                  QuadMesh {
                    verticesPerColumn 21
                    verticesPerRow 2

                  }
                }
                DEF Position Separator {

                }
              }
            }
          }
        }
        DEF Position Separator {

          DEF TPCM Group {

            DEF CoinShapeNode Separator {

              DEF Transparent_Shape Group {

                LightModel {    model BASE_COLOR   }
                DrawStyle  {    style LINES        }
                BaseColor  {    rgb 0 0 0.5        }
              }
              Separator {
                Coordinate3 {
                  point [ 47.476002 0 0.0038099999,
                      200 0 0.0038099999,
                      45.152359 14.670892 0.0038099999,
                      190.2113 61.803398 0.0038099999,
                      38.408894 27.905693 0.0038099999,
                      161.80341 117.55705 0.0038099999,
                      27.905693 38.408894 0.0038099999,
                      117.55705 161.80341 0.0038099999,
                      14.670892 45.152359 0.0038099999,
                      61.803398 190.2113 0.0038099999,
                      2.9069707e-15 47.476002 0.0038099999,
                      1.2246064e-14 200 0.0038099999,
                      -14.670892 45.152359 0.0038099999,
                      -61.803398 190.2113 0.0038099999,
                      -27.905693 38.408894 0.0038099999,
                      -117.55705 161.80341 0.0038099999,
                      -38.408894 27.905693 0.0038099999,
                      -161.80341 117.55705 0.0038099999,
                      -45.152359 14.670892 0.0038099999,
                      -190.2113 61.803398 0.0038099999,
                      -47.476002 5.8139414e-15 0.0038099999,
                      -200 2.4492127e-14 0.0038099999,
                      -45.152359 -14.670892 0.0038099999,
                      -190.2113 -61.803398 0.0038099999,
                      -38.408894 -27.905693 0.0038099999,
                      -161.80341 -117.55705 0.0038099999,
                      -27.905693 -38.408894 0.0038099999,
                      -117.55705 -161.80341 0.0038099999,
                      -14.670892 -45.152359 0.0038099999,
                      -61.803398 -190.2113 0.0038099999,
                      -8.7209123e-15 -47.476002 0.0038099999,
                      -3.6738191e-14 -200 0.0038099999,
                      14.670892 -45.152359 0.0038099999,
                      61.803398 -190.2113 0.0038099999,
                      27.905693 -38.408894 0.0038099999,
                      117.55705 -161.80341 0.0038099999,
                      38.408894 -27.905693 0.0038099999,
                      161.80341 -117.55705 0.0038099999,
                      45.152359 -14.670892 0.0038099999,
                      190.2113 -61.803398 0.0038099999,
                      47.476002 0 0.0038099999,
                      200 0 0.0038099999 ]

                }
                QuadMesh {
                  verticesPerColumn 21
                  verticesPerRow 2

                }
              }
              Separator {

                Coordinate3 {
                  point [ 45.152359 -14.670892 -0.0038099999,
                      190.2113 -61.803398 -0.0038099999,
                      38.408894 -27.905693 -0.0038099999,
                      161.80341 -117.55705 -0.0038099999,
                      27.905693 -38.408894 -0.0038099999,
                      117.55705 -161.80341 -0.0038099999,
                      14.670892 -45.152359 -0.0038099999,
                      61.803398 -190.2113 -0.0038099999,
                      -8.7209123e-15 -47.476002 -0.0038099999,
                      -3.6738191e-14 -200 -0.0038099999,
                      -14.670892 -45.152359 -0.0038099999,
                      -61.803398 -190.2113 -0.0038099999,
                      -27.905693 -38.408894 -0.0038099999,
                      -117.55705 -161.80341 -0.0038099999,
                      -38.408894 -27.905693 -0.0038099999,
                      -161.80341 -117.55705 -0.0038099999,
                      -45.152359 -14.670892 -0.0038099999,
                      -190.2113 -61.803398 -0.0038099999,
                      -47.476002 5.8139414e-15 -0.0038099999,
                      -200 2.4492127e-14 -0.0038099999,
                      -45.152359 14.670892 -0.0038099999,
                      -190.2113 61.803398 -0.0038099999,
                      -38.408894 27.905693 -0.0038099999,
                      -161.80341 117.55705 -0.0038099999,
                      -27.905693 38.408894 -0.0038099999,
                      -117.55705 161.80341 -0.0038099999,
                      -14.670892 45.152359 -0.0038099999,
                      -61.803398 190.2113 -0.0038099999,
                      2.9069707e-15 47.476002 -0.0038099999,
                      1.2246064e-14 200 -0.0038099999,
                      14.670892 45.152359 -0.0038099999,
                      61.803398 190.2113 -0.0038099999,
                      27.905693 38.408894 -0.0038099999,
                      117.55705 161.80341 -0.0038099999,
                      38.408894 27.905693 -0.0038099999,
                      161.80341 117.55705 -0.0038099999,
                      45.152359 14.670892 -0.0038099999,
                      190.2113 61.803398 -0.0038099999,
                      47.476002 0 -0.0038099999,
                      200 0 -0.0038099999,
                      45.152359 -14.670892 -0.0038099999,
                      190.2113 -61.803398 -0.0038099999 ]

                }
                QuadMesh {
                  verticesPerColumn 21
                  verticesPerRow 2

                }
              }
              Coordinate3 {
                point [ 200 0 0.0038099999,
                    200 0 -0.0038099999,
                    190.2113 61.803398 0.0038099999,
                    190.2113 61.803398 -0.0038099999,
                    161.80341 117.55705 0.0038099999,
                    161.80341 117.55705 -0.0038099999,
                    117.55705 161.80341 0.0038099999,
                    117.55705 161.80341 -0.0038099999,
                    61.803398 190.2113 0.0038099999,
                    61.803398 190.2113 -0.0038099999,
                    1.2246064e-14 200 0.0038099999,
                    1.2246064e-14 200 -0.0038099999,
                    -61.803398 190.2113 0.0038099999,
                    -61.803398 190.2113 -0.0038099999,
                    -117.55705 161.80341 0.0038099999,
                    -117.55705 161.80341 -0.0038099999,
                    -161.80341 117.55705 0.0038099999,
                    -161.80341 117.55705 -0.0038099999,
                    -190.2113 61.803398 0.0038099999,
                    -190.2113 61.803398 -0.0038099999,
                    -200 2.4492127e-14 0.0038099999,
                    -200 2.4492127e-14 -0.0038099999,
                    -190.2113 -61.803398 0.0038099999,
                    -190.2113 -61.803398 -0.0038099999,
                    -161.80341 -117.55705 0.0038099999,
                    -161.80341 -117.55705 -0.0038099999,
                    -117.55705 -161.80341 0.0038099999,
                    -117.55705 -161.80341 -0.0038099999,
                    -61.803398 -190.2113 0.0038099999,
                    -61.803398 -190.2113 -0.0038099999,
                    -3.6738191e-14 -200 0.0038099999,
                    -3.6738191e-14 -200 -0.0038099999,
                    61.803398 -190.2113 0.0038099999,
                    61.803398 -190.2113 -0.0038099999,
                    117.55705 -161.80341 0.0038099999,
                    117.55705 -161.80341 -0.0038099999,
                    161.80341 -117.55705 0.0038099999,
                    161.80341 -117.55705 -0.0038099999,
                    190.2113 -61.803398 0.0038099999,
                    190.2113 -61.803398 -0.0038099999,
                    200 0 0.0038099999,
                    200 0 -0.0038099999 ]

              }
              QuadMesh {
                verticesPerColumn 21
                verticesPerRow 2

              }
              Coordinate3 {
                point [ 47.476002 0 -0.0038099999,
                    47.476002 0 0.0038099999,
                    45.152359 14.670892 -0.0038099999,
                    45.152359 14.670892 0.0038099999,
                    38.408894 27.905693 -0.0038099999,
                    38.408894 27.905693 0.0038099999,
                    27.905693 38.408894 -0.0038099999,
                    27.905693 38.408894 0.0038099999,
                    14.670892 45.152359 -0.0038099999,
                    14.670892 45.152359 0.0038099999,
                    2.9069707e-15 47.476002 -0.0038099999,
                    2.9069707e-15 47.476002 0.0038099999,
                    -14.670892 45.152359 -0.0038099999,
                    -14.670892 45.152359 0.0038099999,
                    -27.905693 38.408894 -0.0038099999,
                    -27.905693 38.408894 0.0038099999,
                    -38.408894 27.905693 -0.0038099999,
                    -38.408894 27.905693 0.0038099999,
                    -45.152359 14.670892 -0.0038099999,
                    -45.152359 14.670892 0.0038099999,
                    -47.476002 5.8139414e-15 -0.0038099999,
                    -47.476002 5.8139414e-15 0.0038099999,
                    -45.152359 -14.670892 -0.0038099999,
                    -45.152359 -14.670892 0.0038099999,
                    -38.408894 -27.905693 -0.0038099999,
                    -38.408894 -27.905693 0.0038099999,
                    -27.905693 -38.408894 -0.0038099999,
                    -27.905693 -38.408894 0.0038099999,
                    -14.670892 -45.152359 -0.0038099999,
                    -14.670892 -45.152359 0.0038099999,
                    -8.7209123e-15 -47.476002 -0.0038099999,
                    -8.7209123e-15 -47.476002 0.0038099999,
                    14.670892 -45.152359 -0.0038099999,
                    14.670892 -45.152359 0.0038099999,
                    27.905693 -38.408894 -0.0038099999,
                    27.905693 -38.408894 0.0038099999,
                    38.408894 -27.905693 -0.0038099999,
                    38.408894 -27.905693 0.0038099999,
                    45.152359 -14.670892 -0.0038099999,
                    45.152359 -14.670892 0.0038099999,
                    47.476002 0 -0.0038099999,
                    47.476002 0 0.0038099999 ]

              }
              QuadMesh {
                verticesPerColumn 21
                verticesPerRow 2

              }
            }
          }
        }
        DEF Position Separator {

          DEF VolumeTransformation Group {

            Translation {
              translation 0 0 213.405

            }
            DEF reflection MatrixTransform {
              matrix 0.25881904 0.96592581 0 0
                0.96592581 -0.25881907 0 0
                0 0 1 0
                0 0 0 1

            }
          }
        }
        DEF Position Separator {

          DEF VolumeTransformation Group {

            Translation {       translation 0 0 223.97        }
            DEF reflection MatrixTransform {
              matrix 0.25881904 0.96592581 0 0
                0.96592581 -0.25881907 0 0
                0 0 1 0
                0 0 0 1

            }
          }
          DEF TPCW+2 Group {

            DEF Position Separator {

              DEF VolumeTransformation Group {

                DEF straight MatrixTransform {
                  matrix 0.96592581 0.25881907 0 0
                        -0.25881904 0.96592581 0 0
                         0          0          1 0
                         0          0          0 1
                }
              }
              DEF TWSS+3 Group {

                DEF Position Separator {

                  DEF VolumeTransformation Group {

                    Translation {  translation 87 0 0  }
                    DEF straight MatrixTransform {
                      matrix 0 1 0 0
                             0 0 1 0
                             1 0 0 0
                             0 0 0 1
                    }
                  }
                  DEF TWGI Group {

                    DEF CoinShapeNode Separator {

                      DEF Transparent_Shape Group {

                        LightModel {
                          model BASE_COLOR

                        }
                        DrawStyle {
                          style LINES

                        }
                        BaseColor {
                          rgb 0.5 0 0

                        }
                      }
                      NormalBinding {
                        value PER_FACE

                      }
                      Coordinate3 {
                        point [ -27.559999 -5.7150002 31.075001,
                            -27.559999 5.7150002 31.075001,
                            -10.91 5.7150002 -31.075001,
                            -10.91 -5.7150002 -31.075001,
                            -27.559999 5.7150002 31.075001,
                            27.559999 5.7150002 31.075001,
                            10.91 5.7150002 -31.075001,
                            -10.91 5.7150002 -31.075001,
                            27.559999 5.7150002 31.075001,
                            27.559999 -5.7150002 31.075001,
                            10.91 -5.7150002 -31.075001,
                            10.91 5.7150002 -31.075001,
                            10.91 -5.7150002 -31.075001,
                            27.559999 -5.7150002 31.075001,
                            -27.559999 -5.7150002 31.075001,
                            -10.91 -5.7150002 -31.075001,
                            27.559999 -5.7150002 31.075001,
                            27.559999 5.7150002 31.075001,
                            -27.559999 5.7150002 31.075001,
                            -27.559999 -5.7150002 31.075001,
                            -10.91 -5.7150002 -31.075001,
                            -10.91 5.7150002 -31.075001,
                            10.91 5.7150002 -31.075001,
                            10.91 -5.7150002 -31.075001 ]

                      }
                      Normal {
                        vector [ -0.96593767 0 -0.25877491,
                            0 1 -0,
                            0.96593767 0 -0.25877491,
                            0 -1 0,
                            -0 0 1,
                            -0 0 -1 ]

                      }
                      FaceSet {
                        numVertices [ 4, 4, 4, 4, 4, 4 ]

                      }
                    }
                  }
                }
                DEF Position Separator {

                  DEF VolumeTransformation Group {

                    Translation {
                      translation 158 -2.3245807e-06 -1.5258789e-05

                    }
                    DEF straight MatrixTransform {
                      matrix 6.1230318e-17 1 6.1230318e-17 0
                        -5.3535302e-08 -3.090862e-08 1 0
                        1 3.0057608e-15 6.1230318e-17 0
                        0 0 0 1

                    }
                  }
                  DEF TWG1 Group {

                    DEF CoinShapeNode Separator {

                      DEF Transparent_Shape Group {

                        LightModel {
                          model BASE_COLOR

                        }
                        DrawStyle {
                          style LINES

                        }
                        BaseColor {
                          rgb 1 0 0

                        }
                      }
                      NormalBinding {
                        value PER_FACE

                      }
                      Coordinate3 {
                        point [ -46.740002 -5.7150002 32.5,
                            -46.740002 5.7150002 32.5,
                            -28.92 5.7150002 -32.5,
                            -28.92 -5.7150002 -32.5,
                            -46.740002 5.7150002 32.5,
                            46.740002 5.7150002 32.5,
                            28.92 5.7150002 -32.5,
                            -28.92 5.7150002 -32.5,
                            46.740002 5.7150002 32.5,
                            46.740002 -5.7150002 32.5,
                            28.92 -5.7150002 -32.5,
                            28.92 5.7150002 -32.5,
                            28.92 -5.7150002 -32.5,
                            46.740002 -5.7150002 32.5,
                            -46.740002 -5.7150002 32.5,
                            -28.92 -5.7150002 -32.5,
                            46.740002 -5.7150002 32.5,
                            46.740002 5.7150002 32.5,
                            -46.740002 5.7150002 32.5,
                            -46.740002 -5.7150002 32.5,
                            -28.92 -5.7150002 -32.5,
                            -28.92 5.7150002 -32.5,
                            28.92 5.7150002 -32.5,
                            28.92 -5.7150002 -32.5 ]

                      }
                      Normal {
                        vector [ -0.9644137 0 -0.26439774,
                            0 1 -0,
                            0.9644137 0 -0.26439774,
                            0 -1 0,
                            -0 0 1,
                            -0 0 -1 ]

                      }
                      FaceSet {
                        numVertices [ 4, 4, 4, 4, 4, 4 ]

                      }
                    }
                  }
                }
              }
            }
            DEF Position Separator {

              DEF VolumeTransformation Group {

                DEF straight MatrixTransform {
                  matrix 0.70710677 0.70710677 6.1230318e-17 0
                    -0.70710677 0.70710677 6.1230318e-17 0
                    -4.3711392e-08 -4.3711392e-08 1 0
                    0 0 0 1

                }
              }
              USE TWSS+3
            }
            DEF Position Separator {

              DEF VolumeTransformation Group {

                DEF straight MatrixTransform {
                  matrix 0.25881904 0.96592581 6.1230318e-17 0
                    -0.96592581 0.25881904 6.1230318e-17 0
                    -4.3711392e-08 -4.3711392e-08 1 0
                    0 0 0 1

                }
              }
              USE TWSS+3
            }
            DEF Position Separator {

              DEF VolumeTransformation Group {

                DEF straight MatrixTransform {
                  matrix -0.25881904 0.96592581 6.1230318e-17 0
                    -0.96592581 -0.25881904 6.1230318e-17 0
                    -4.3711392e-08 -4.3711392e-08 1 0
                    0 0 0 1

                }
              }
              USE TWSS+3
            }
            DEF Position Separator {

              DEF VolumeTransformation Group {

                DEF straight MatrixTransform {
                  matrix -0.70710677 0.70710677 6.1230318e-17 0
                    -0.70710677 -0.70710677 6.1230318e-17 0
                    -4.3711392e-08 -4.3711392e-08 1 0
                    0 0 0 1

                }
              }
              USE TWSS+3
            }
            DEF Position Separator {

              DEF VolumeTransformation Group {

                DEF straight MatrixTransform {
                  matrix -0.96592581 0.25881904 6.1230318e-17 0
                    -0.25881916 -0.96592581 6.1230318e-17 0
                    -4.3711392e-08 -4.3711392e-08 1 0
                    0 0 0 1

                }
              }
              USE TWSS+3
            }
            DEF Position Separator {

              DEF VolumeTransformation Group {

                DEF straight MatrixTransform {
                  matrix -0.96592581 -0.25881904 6.1230318e-17 0
                    0.25881904 -0.96592581 6.1230318e-17 0
                    -4.3711392e-08 -4.3711392e-08 1 0
                    0 0 0 1

                }
              }
              USE TWSS+3
            }
            DEF Position Separator {

              DEF VolumeTransformation Group {

                DEF straight MatrixTransform {
                  matrix -0.70710677 -0.70710677 6.1230318e-17 0
                    0.70710671 -0.70710689 6.1230318e-17 0
                    -4.3711392e-08 -4.3711392e-08 1 0
                    0 0 0 1

                }
              }
              USE TWSS+3
            }
            DEF Position Separator {

              DEF VolumeTransformation Group {

                DEF straight MatrixTransform {
                  matrix -0.25881904 -0.96592581 6.1230318e-17 0
                    0.96592587 -0.25881892 6.1230318e-17 0
                    -4.3711392e-08 -4.3711392e-08 1 0
                    0 0 0 1

                }
              }
              USE TWSS+3
            }
            DEF Position Separator {

              DEF VolumeTransformation Group {

                DEF straight MatrixTransform {
                  matrix 0.25881892 -0.96592587 6.1230318e-17 0
                    0.96592581 0.25881907 6.1230318e-17 0
                    -4.3711392e-08 -4.3711392e-08 1 0
                    0 0 0 1

                }
              }
              USE TWSS+3
            }
            DEF Position Separator {

              DEF VolumeTransformation Group {

                DEF straight MatrixTransform {
                  matrix 0.70710671 -0.70710689 6.1230318e-17 0
                    0.70710689 0.70710671 6.1230318e-17 0
                    -4.3711392e-08 -4.3711392e-08 1 0
                    0 0 0 1

                }
              }
              USE TWSS+3
            }
            DEF Position Separator {

              DEF VolumeTransformation Group {

                DEF straight MatrixTransform {
                  matrix 0.96592587 -0.25881881 6.1230318e-17 0
                    0.25881878 0.96592587 6.1230318e-17 0
                    -4.3711392e-08 -4.3711392e-08 1 0
                    0 0 0 1

                }
              }
              USE TWSS+3
            }
          }
        }
        DEF Position Separator {

          DEF VolumeTransformation Group {

            Translation { translation 0 0 -223.97     }
            DEF reflection MatrixTransform {
              matrix -0.25881904  0.96592581  0  0
                     -0.96592581 -0.25881904  0  0
                      0           0          -1  0
                      0           0           0  1

            }
          }
          USE TPCW+2
        }
      }
    }
  }
}
