#Inventor V2.1 ascii


DEF ShapesNode Separator {

  DEF WiredShapes Separator {

  }
  DEF ClippingShapes Separator {

    DEF RawShapes Separator {

    }
    DEF SolidShapes Separator {

      DEF TObjectSet Group {

        DEF TPCE Separator {

        }
        DEF Position Separator {

          DEF VolumeTransformation Group {

            Translation {
              translation 0 0 109.1294

            }
            DEF reflection MatrixTransform {
              matrix 0.25881904 0.96592581 6.1230318e-17 0
                0.96592581 -0.25881907 6.1230318e-17 0
                0 0 1 0
                0 0 0 1

            }
          }
          DEF TPGV+0 Group {

            DEF Position Separator {

              DEF VolumeTransformation Group {

                DEF straight MatrixTransform {
                  matrix 0.96592581 0.25881907 6.1230318e-17 0
                    -0.25881904 0.96592581 6.1230318e-17 0
                    -4.3711392e-08 -4.3711392e-08 1 0
                    0 0 0 1

                }
              }
              DEF TPSS+1 Group {

                DEF CoinShapeNode Separator {

                  Material {
                    diffuseColor 0 0 0.49019608
                    specularColor 0.69999999 0.69999999 0.69999999
                    shininess 0.89999998
                    transparency 0.3

                  }
                  NormalBinding {
                    value PER_FACE

                  }
                  Separator {

                    NormalBinding {
                      value OVERALL

                    }
                    Normal {
                      vector 0 0 1

                    }
                    Coordinate3 {
                      point [ 46.334496 -12.41529 109.1256,
                          193.18517 -51.763809 109.1256,
                          46.643612 -11.19814 109.1256,
                          194.47398 -46.689072 109.1256,
                          46.920761 -9.9733152 109.1256,
                          195.62952 -41.582336 109.1256,
                          47.165752 -8.7416553 109.1256,
                          196.65099 -36.447105 109.1256,
                          47.378422 -7.5040045 109.1256,
                          197.53767 -31.286894 109.1256,
                          47.558617 -6.2612104 109.1256,
                          198.28897 -26.105238 109.1256,
                          47.706219 -5.0141258 109.1256,
                          198.90437 -20.905693 109.1256,
                          47.821125 -3.7636042 109.1256,
                          199.38347 -15.691819 109.1256,
                          47.903259 -2.5105033 109.1256,
                          199.72591 -10.467192 109.1256,
                          47.95256 -1.255682 109.1256,
                          199.93146 -5.2353897 109.1256,
                          47.968998 3.3285179e-16 109.1256,
                          200 1.3877788e-15 109.1256,
                          47.95256 1.255682 109.1256,
                          199.93146 5.2353897 109.1256,
                          47.903259 2.5105033 109.1256,
                          199.72591 10.467192 109.1256,
                          47.821125 3.7636042 109.1256,
                          199.38347 15.691819 109.1256,
                          47.706219 5.0141258 109.1256,
                          198.90437 20.905693 109.1256,
                          47.558617 6.2612104 109.1256,
                          198.28897 26.105238 109.1256,
                          47.378422 7.5040045 109.1256,
                          197.53767 31.286894 109.1256,
                          47.165752 8.7416553 109.1256,
                          196.65099 36.447105 109.1256,
                          46.920761 9.9733152 109.1256,
                          195.62952 41.582336 109.1256,
                          46.643612 11.19814 109.1256,
                          194.47398 46.689072 109.1256,
                          46.334496 12.41529 109.1256,
                          193.18517 51.763809 109.1256 ]

                    }
                    QuadMesh {
                      verticesPerColumn 21
                      verticesPerRow 2

                    }
                  }
                  NormalBinding {
                    value PER_FACE

                  }
                  Separator {

                    NormalBinding {
                      value OVERALL

                    }
                    Normal {
                      vector 0 0 -1

                    }
                    Coordinate3 {
                      point [ 46.334496 12.41529 -109.1256,
                          193.18517 51.763809 -109.1256,
                          46.643612 11.19814 -109.1256,
                          194.47398 46.689072 -109.1256,
                          46.920761 9.9733152 -109.1256,
                          195.62952 41.582336 -109.1256,
                          47.165752 8.7416553 -109.1256,
                          196.65099 36.447105 -109.1256,
                          47.378422 7.5040045 -109.1256,
                          197.53767 31.286894 -109.1256,
                          47.558617 6.2612104 -109.1256,
                          198.28897 26.105238 -109.1256,
                          47.706219 5.0141258 -109.1256,
                          198.90437 20.905693 -109.1256,
                          47.821125 3.7636042 -109.1256,
                          199.38347 15.691819 -109.1256,
                          47.903259 2.5105033 -109.1256,
                          199.72591 10.467192 -109.1256,
                          47.95256 1.255682 -109.1256,
                          199.93146 5.2353897 -109.1256,
                          47.968998 3.3285179e-16 -109.1256,
                          200 1.3877788e-15 -109.1256,
                          47.95256 -1.255682 -109.1256,
                          199.93146 -5.2353897 -109.1256,
                          47.903259 -2.5105033 -109.1256,
                          199.72591 -10.467192 -109.1256,
                          47.821125 -3.7636042 -109.1256,
                          199.38347 -15.691819 -109.1256,
                          47.706219 -5.0141258 -109.1256,
                          198.90437 -20.905693 -109.1256,
                          47.558617 -6.2612104 -109.1256,
                          198.28897 -26.105238 -109.1256,
                          47.378422 -7.5040045 -109.1256,
                          197.53767 -31.286894 -109.1256,
                          47.165752 -8.7416553 -109.1256,
                          196.65099 -36.447105 -109.1256,
                          46.920761 -9.9733152 -109.1256,
                          195.62952 -41.582336 -109.1256,
                          46.643612 -11.19814 -109.1256,
                          194.47398 -46.689072 -109.1256,
                          46.334496 -12.41529 -109.1256,
                          193.18517 -51.763809 -109.1256 ]

                    }
                    QuadMesh {
                      verticesPerColumn 21
                      verticesPerRow 2

                    }
                  }
                  NormalBinding {
                    value PER_FACE

                  }
                  Separator {

                    NormalBinding {
                      value OVERALL

                    }
                    Normal {
                      vector -0.25881904 -0.96592581 0

                    }
                    Coordinate3 {
                      point [ 193.18517 -51.763809 109.1256,
                          46.334496 -12.41529 109.1256,
                          193.18517 -51.763809 -109.1256,
                          46.334496 -12.41529 -109.1256 ]

                    }
                    QuadMesh {
                      verticesPerColumn 2
                      verticesPerRow 2

                    }
                  }
                  NormalBinding {
                    value PER_FACE

                  }
                  Separator {

                    NormalBinding {
                      value OVERALL

                    }
                    Normal {
                      vector -0.25881904 0.96592581 0

                    }
                    Coordinate3 {
                      point [ 46.334496 12.41529 109.1256,
                          193.18517 51.763809 109.1256,
                          46.334496 12.41529 -109.1256,
                          193.18517 51.763809 -109.1256 ]

                    }
                    QuadMesh {
                      verticesPerColumn 2
                      verticesPerRow 2

                    }
                  }
                  NormalBinding {
                    value PER_VERTEX

                  }
                  Normal {
                    vector [ 0.96923089 -0.2461533 0,
                        0.96923089 -0.2461533 0,
                        0.97228664 -0.23342536 0,
                        0.97228664 -0.23342536 0,
                        0.97806382 -0.20789388 0,
                        0.97806382 -0.20789388 0,
                        0.98317069 -0.18221991 0,
                        0.98317069 -0.18221991 0,
                        0.98760372 -0.15642107 0,
                        0.98760372 -0.15642107 0,
                        0.99135995 -0.13051501 0,
                        0.99135995 -0.13051501 0,
                        0.99443668 -0.10451951 0,
                        0.99443668 -0.10451951 0,
                        0.99683195 -0.078452371 0,
                        0.99683195 -0.078452371 0,
                        0.99854398 -0.052331474 0,
                        0.99854398 -0.052331474 0,
                        0.99957168 -0.026174705 0,
                        0.99957168 -0.026174705 0,
                        0.99991435 1.7347235e-18 0,
                        0.99991435 1.7347235e-18 0,
                        0.99957168 0.026174705 0,
                        0.99957168 0.026174705 0,
                        0.99854398 0.052331474 0,
                        0.99854398 0.052331474 0,
                        0.99683195 0.078452371 0,
                        0.99683195 0.078452371 0,
                        0.99443668 0.10451951 0,
                        0.99443668 0.10451951 0,
                        0.99135995 0.13051501 0,
                        0.99135995 0.13051501 0,
                        0.98760372 0.15642107 0,
                        0.98760372 0.15642107 0,
                        0.98317069 0.18221991 0,
                        0.98317069 0.18221991 0,
                        0.97806382 0.20789388 0,
                        0.97806382 0.20789388 0,
                        0.97228664 0.23342536 0,
                        0.97228664 0.23342536 0,
                        0.96923089 0.2461533 0,
                        0.96923089 0.2461533 0 ]

                  }
                  Coordinate3 {
                    point [ 193.18517 -51.763809 109.1256,
                        193.18517 -51.763809 -109.1256,
                        194.47398 -46.689072 109.1256,
                        194.47398 -46.689072 -109.1256,
                        195.62952 -41.582336 109.1256,
                        195.62952 -41.582336 -109.1256,
                        196.65099 -36.447105 109.1256,
                        196.65099 -36.447105 -109.1256,
                        197.53767 -31.286894 109.1256,
                        197.53767 -31.286894 -109.1256,
                        198.28897 -26.105238 109.1256,
                        198.28897 -26.105238 -109.1256,
                        198.90437 -20.905693 109.1256,
                        198.90437 -20.905693 -109.1256,
                        199.38347 -15.691819 109.1256,
                        199.38347 -15.691819 -109.1256,
                        199.72591 -10.467192 109.1256,
                        199.72591 -10.467192 -109.1256,
                        199.93146 -5.2353897 109.1256,
                        199.93146 -5.2353897 -109.1256,
                        200 1.3877788e-15 109.1256,
                        200 1.3877788e-15 -109.1256,
                        199.93146 5.2353897 109.1256,
                        199.93146 5.2353897 -109.1256,
                        199.72591 10.467192 109.1256,
                        199.72591 10.467192 -109.1256,
                        199.38347 15.691819 109.1256,
                        199.38347 15.691819 -109.1256,
                        198.90437 20.905693 109.1256,
                        198.90437 20.905693 -109.1256,
                        198.28897 26.105238 109.1256,
                        198.28897 26.105238 -109.1256,
                        197.53767 31.286894 109.1256,
                        197.53767 31.286894 -109.1256,
                        196.65099 36.447105 109.1256,
                        196.65099 36.447105 -109.1256,
                        195.62952 41.582336 109.1256,
                        195.62952 41.582336 -109.1256,
                        194.47398 46.689072 109.1256,
                        194.47398 46.689072 -109.1256,
                        193.18517 51.763809 109.1256,
                        193.18517 51.763809 -109.1256 ]

                  }
                  QuadMesh {
                    verticesPerColumn 21
                    verticesPerRow 2

                  }
                  NormalBinding {
                    value PER_VERTEX

                  }
                  Normal {
                    vector [ -0.96923089 0.2461533 0,
                        -0.96923089 0.2461533 0,
                        -0.97228664 0.23342536 0,
                        -0.97228664 0.23342536 0,
                        -0.97806382 0.20789388 0,
                        -0.97806382 0.20789388 0,
                        -0.98317069 0.18221991 0,
                        -0.98317069 0.18221991 0,
                        -0.98760372 0.15642107 0,
                        -0.98760372 0.15642107 0,
                        -0.99135995 0.13051501 0,
                        -0.99135995 0.13051501 0,
                        -0.99443668 0.10451951 0,
                        -0.99443668 0.10451951 0,
                        -0.99683195 0.078452371 0,
                        -0.99683195 0.078452371 0,
                        -0.99854398 0.052331474 0,
                        -0.99854398 0.052331474 0,
                        -0.99957168 0.026174705 0,
                        -0.99957168 0.026174705 0,
                        -0.99991435 8.6736174e-19 0,
                        -0.99991435 8.6736174e-19 0,
                        -0.99957168 -0.026174705 0,
                        -0.99957168 -0.026174705 0,
                        -0.99854398 -0.052331474 0,
                        -0.99854398 -0.052331474 0,
                        -0.99683195 -0.078452371 0,
                        -0.99683195 -0.078452371 0,
                        -0.99443668 -0.10451951 0,
                        -0.99443668 -0.10451951 0,
                        -0.99135995 -0.13051501 0,
                        -0.99135995 -0.13051501 0,
                        -0.98760372 -0.15642107 0,
                        -0.98760372 -0.15642107 0,
                        -0.98317069 -0.18221991 0,
                        -0.98317069 -0.18221991 0,
                        -0.97806382 -0.20789388 0,
                        -0.97806382 -0.20789388 0,
                        -0.97228664 -0.23342536 0,
                        -0.97228664 -0.23342536 0,
                        -0.96923089 -0.2461533 0,
                        -0.96923089 -0.2461533 0 ]

                  }
                  Coordinate3 {
                    point [ 46.334496 -12.41529 -109.1256,
                        46.334496 -12.41529 109.1256,
                        46.643612 -11.19814 -109.1256,
                        46.643612 -11.19814 109.1256,
                        46.920761 -9.9733152 -109.1256,
                        46.920761 -9.9733152 109.1256,
                        47.165752 -8.7416553 -109.1256,
                        47.165752 -8.7416553 109.1256,
                        47.378422 -7.5040045 -109.1256,
                        47.378422 -7.5040045 109.1256,
                        47.558617 -6.2612104 -109.1256,
                        47.558617 -6.2612104 109.1256,
                        47.706219 -5.0141258 -109.1256,
                        47.706219 -5.0141258 109.1256,
                        47.821125 -3.7636042 -109.1256,
                        47.821125 -3.7636042 109.1256,
                        47.903259 -2.5105033 -109.1256,
                        47.903259 -2.5105033 109.1256,
                        47.95256 -1.255682 -109.1256,
                        47.95256 -1.255682 109.1256,
                        47.968998 3.3285179e-16 -109.1256,
                        47.968998 3.3285179e-16 109.1256,
                        47.95256 1.255682 -109.1256,
                        47.95256 1.255682 109.1256,
                        47.903259 2.5105033 -109.1256,
                        47.903259 2.5105033 109.1256,
                        47.821125 3.7636042 -109.1256,
                        47.821125 3.7636042 109.1256,
                        47.706219 5.0141258 -109.1256,
                        47.706219 5.0141258 109.1256,
                        47.558617 6.2612104 -109.1256,
                        47.558617 6.2612104 109.1256,
                        47.378422 7.5040045 -109.1256,
                        47.378422 7.5040045 109.1256,
                        47.165752 8.7416553 -109.1256,
                        47.165752 8.7416553 109.1256,
                        46.920761 9.9733152 -109.1256,
                        46.920761 9.9733152 109.1256,
                        46.643612 11.19814 -109.1256,
                        46.643612 11.19814 109.1256,
                        46.334496 12.41529 -109.1256,
                        46.334496 12.41529 109.1256 ]

                  }
                  QuadMesh {
                    verticesPerColumn 21
                    verticesPerRow 2

                  }
                }
              }
            }
            DEF Position Separator {

              DEF VolumeTransformation Group {

                DEF straight MatrixTransform {
                  matrix 0.70710677 0.70710677 6.1230318e-17 0
                    -0.70710677 0.70710677 6.1230318e-17 0
                    -4.3711392e-08 -4.3711392e-08 1 0
                    0 0 0 1

                }
              }
              USE TPSS+1
            }
            DEF Position Separator {

              DEF VolumeTransformation Group {

                DEF straight MatrixTransform {
                  matrix 0.25881904 0.96592581 6.1230318e-17 0
                    -0.96592581 0.25881904 6.1230318e-17 0
                    -4.3711392e-08 -4.3711392e-08 1 0
                    0 0 0 1

                }
              }
              USE TPSS+1
            }
            DEF Position Separator {

              DEF VolumeTransformation Group {

                DEF straight MatrixTransform {
                  matrix -0.25881904 0.96592581 6.1230318e-17 0
                    -0.96592581 -0.25881904 6.1230318e-17 0
                    -4.3711392e-08 -4.3711392e-08 1 0
                    0 0 0 1

                }
              }
              USE TPSS+1
            }
            DEF Position Separator {

              DEF VolumeTransformation Group {

                DEF straight MatrixTransform {
                  matrix -0.70710677 0.70710677 6.1230318e-17 0
                    -0.70710677 -0.70710677 6.1230318e-17 0
                    -4.3711392e-08 -4.3711392e-08 1 0
                    0 0 0 1

                }
              }
              USE TPSS+1
            }
            DEF Position Separator {

              DEF VolumeTransformation Group {

                DEF straight MatrixTransform {
                  matrix -0.96592581 0.25881904 6.1230318e-17 0
                    -0.25881916 -0.96592581 6.1230318e-17 0
                    -4.3711392e-08 -4.3711392e-08 1 0
                    0 0 0 1

                }
              }
              USE TPSS+1
            }
            DEF Position Separator {

              DEF VolumeTransformation Group {

                DEF straight MatrixTransform {
                  matrix -0.96592581 -0.25881904 6.1230318e-17 0
                    0.25881904 -0.96592581 6.1230318e-17 0
                    -4.3711392e-08 -4.3711392e-08 1 0
                    0 0 0 1

                }
              }
              USE TPSS+1
            }
            DEF Position Separator {

              DEF VolumeTransformation Group {

                DEF straight MatrixTransform {
                  matrix -0.70710677 -0.70710677 6.1230318e-17 0
                    0.70710671 -0.70710689 6.1230318e-17 0
                    -4.3711392e-08 -4.3711392e-08 1 0
                    0 0 0 1

                }
              }
              USE TPSS+1
            }
            DEF Position Separator {

              DEF VolumeTransformation Group {

                DEF straight MatrixTransform {
                  matrix -0.25881904 -0.96592581 6.1230318e-17 0
                    0.96592587 -0.25881892 6.1230318e-17 0
                    -4.3711392e-08 -4.3711392e-08 1 0
                    0 0 0 1

                }
              }
              USE TPSS+1
            }
            DEF Position Separator {

              DEF VolumeTransformation Group {

                DEF straight MatrixTransform {
                  matrix 0.25881892 -0.96592587 6.1230318e-17 0
                    0.96592581 0.25881907 6.1230318e-17 0
                    -4.3711392e-08 -4.3711392e-08 1 0
                    0 0 0 1

                }
              }
              USE TPSS+1
            }
            DEF Position Separator {

              DEF VolumeTransformation Group {

                DEF straight MatrixTransform {
                  matrix 0.70710671 -0.70710689 6.1230318e-17 0
                    0.70710689 0.70710671 6.1230318e-17 0
                    -4.3711392e-08 -4.3711392e-08 1 0
                    0 0 0 1

                }
              }
              USE TPSS+1
            }
            DEF Position Separator {

              DEF VolumeTransformation Group {

                DEF straight MatrixTransform {
                  matrix 0.96592587 -0.25881881 6.1230318e-17 0
                    0.25881878 0.96592587 6.1230318e-17 0
                    -4.3711392e-08 -4.3711392e-08 1 0
                    0 0 0 1

                }
              }
              USE TPSS+1
            }
          }
        }
        DEF Position Separator {

          DEF VolumeTransformation Group {

            Translation {
              translation 0 0 -109.1294

            }
            DEF reflection MatrixTransform {
              matrix -0.25881904 0.96592581 6.1230318e-17 0
                -0.96592581 -0.25881904 6.1230318e-17 0
                -1.2246064e-16 -1.4996607e-32 -1 0
                0 0 0 1

            }
          }
          USE TPGV+0
        }
        DEF Position Separator {

          DEF TPCM Group {

          }
        }
        DEF Position Separator {

          DEF TIFC Group {

          }
        }
        DEF Position Separator {

          DEF TOFC Group {

          }
        }
        DEF Position Separator {

          DEF TSWH+2 Group {

          }
        }
        DEF Position Separator {

          DEF VolumeTransformation Group {

            DEF reflection MatrixTransform {
              matrix 1 0 6.1230318e-17 0
                6.1230318e-17 1 6.1230318e-17 0
                -1.2246064e-16 -1.4996607e-32 -1 0
                0 0 0 1

            }
          }
          USE TSWH+2
        }
        DEF Position Separator {

          DEF VolumeTransformation Group {

            DEF straight MatrixTransform {
              matrix 0.86602539 0.5 6.1230318e-17 0
                -0.50000012 0.86602533 6.1230318e-17 0
                0 0 1 0
                0 0 0 1

            }
          }
          USE TSWH+2
        }
        DEF Position Separator {

          DEF VolumeTransformation Group {

            DEF reflection MatrixTransform {
              matrix 0.86602539 0.5 6.1230318e-17 0
                -0.50000012 0.86602533 6.1230318e-17 0
                -1.2246064e-16 -1.4996607e-32 -1 0
                0 0 0 1

            }
          }
          USE TSWH+2
        }
        DEF Position Separator {

          DEF VolumeTransformation Group {

            DEF straight MatrixTransform {
              matrix 0.49999994 0.86602545 6.1230318e-17 0
                -0.86602539 0.5 6.1230318e-17 0
                0 0 1 0
                0 0 0 1

            }
          }
          USE TSWH+2
        }
        DEF Position Separator {

          DEF VolumeTransformation Group {

            DEF reflection MatrixTransform {
              matrix 0.49999994 0.86602545 6.1230318e-17 0
                -0.86602539 0.5 6.1230318e-17 0
                -1.2246064e-16 -1.4996607e-32 -1 0
                0 0 0 1

            }
          }
          USE TSWH+2
        }
        DEF Position Separator {

          DEF VolumeTransformation Group {

            DEF straight MatrixTransform {
              matrix 6.1230318e-17 1 6.1230318e-17 0
                -1 -1.2246064e-16 6.1230318e-17 0
                0 0 1 0
                0 0 0 1

            }
          }
          USE TSWH+2
        }
        DEF Position Separator {

          DEF VolumeTransformation Group {

            DEF reflection MatrixTransform {
              matrix 6.1230318e-17 1 6.1230318e-17 0
                -1 -1.2246064e-16 6.1230318e-17 0
                -1.2246064e-16 -1.4996607e-32 -1 0
                0 0 0 1

            }
          }
          USE TSWH+2
        }
        DEF Position Separator {

          DEF VolumeTransformation Group {

            DEF straight MatrixTransform {
              matrix -0.50000012 0.86602533 6.1230318e-17 0
                -0.86602539 -0.5 6.1230318e-17 0
                0 0 1 0
                0 0 0 1

            }
          }
          USE TSWH+2
        }
        DEF Position Separator {

          DEF VolumeTransformation Group {

            DEF reflection MatrixTransform {
              matrix -0.50000012 0.86602533 6.1230318e-17 0
                -0.86602539 -0.5 6.1230318e-17 0
                -1.2246064e-16 -1.4996607e-32 -1 0
                0 0 0 1

            }
          }
          USE TSWH+2
        }
        DEF Position Separator {

          DEF VolumeTransformation Group {

            DEF straight MatrixTransform {
              matrix -0.86602539 0.5 6.1230318e-17 0
                -0.49999988 -0.86602545 6.1230318e-17 0
                0 0 1 0
                0 0 0 1

            }
          }
          USE TSWH+2
        }
        DEF Position Separator {

          DEF VolumeTransformation Group {

            DEF reflection MatrixTransform {
              matrix -0.86602539 0.5 6.1230318e-17 0
                -0.49999988 -0.86602545 6.1230318e-17 0
                -1.2246064e-16 -1.4996607e-32 -1 0
                0 0 0 1

            }
          }
          USE TSWH+2
        }
        DEF Position Separator {

          DEF VolumeTransformation Group {

            DEF straight MatrixTransform {
              matrix -1 -1.2246064e-16 6.1230318e-17 0
                6.1230318e-17 -1 6.1230318e-17 0
                0 0 1 0
                0 0 0 1

            }
          }
          USE TSWH+2
        }
        DEF Position Separator {

          DEF VolumeTransformation Group {

            DEF reflection MatrixTransform {
              matrix -1 -1.2246064e-16 6.1230318e-17 0
                6.1230318e-17 -1 6.1230318e-17 0
                -1.2246064e-16 -1.4996607e-32 -1 0
                0 0 0 1

            }
          }
          USE TSWH+2
        }
        DEF Position Separator {

          DEF VolumeTransformation Group {

            DEF straight MatrixTransform {
              matrix -0.86602539 -0.5 6.1230318e-17 0
                0.49999988 -0.86602545 6.1230318e-17 0
                0 0 1 0
                0 0 0 1

            }
          }
          USE TSWH+2
        }
        DEF Position Separator {

          DEF VolumeTransformation Group {

            DEF reflection MatrixTransform {
              matrix -0.86602539 -0.5 6.1230318e-17 0
                0.49999988 -0.86602545 6.1230318e-17 0
                -1.2246064e-16 -1.4996607e-32 -1 0
                0 0 0 1

            }
          }
          USE TSWH+2
        }
        DEF Position Separator {

          DEF VolumeTransformation Group {

            DEF straight MatrixTransform {
              matrix -0.49999988 -0.86602545 6.1230318e-17 0
                0.86602533 -0.50000018 6.1230318e-17 0
                0 0 1 0
                0 0 0 1

            }
          }
          USE TSWH+2
        }
        DEF Position Separator {

          DEF VolumeTransformation Group {

            DEF reflection MatrixTransform {
              matrix -0.49999988 -0.86602545 6.1230318e-17 0
                0.86602533 -0.50000018 6.1230318e-17 0
                -1.2246064e-16 -1.4996607e-32 -1 0
                0 0 0 1

            }
          }
          USE TSWH+2
        }
        DEF Position Separator {

          DEF VolumeTransformation Group {

            DEF straight MatrixTransform {
              matrix 6.1230318e-17 -1 6.1230318e-17 0
                1 0 6.1230318e-17 0
                0 0 1 0
                0 0 0 1

            }
          }
          USE TSWH+2
        }
        DEF Position Separator {

          DEF VolumeTransformation Group {

            DEF reflection MatrixTransform {
              matrix 6.1230318e-17 -1 6.1230318e-17 0
                1 0 6.1230318e-17 0
                -1.2246064e-16 -1.4996607e-32 -1 0
                0 0 0 1

            }
          }
          USE TSWH+2
        }
        DEF Position Separator {

          DEF VolumeTransformation Group {

            DEF straight MatrixTransform {
              matrix 0.49999988 -0.86602545 6.1230318e-17 0
                0.86602539 0.5 6.1230318e-17 0
                0 0 1 0
                0 0 0 1

            }
          }
          USE TSWH+2
        }
        DEF Position Separator {

          DEF VolumeTransformation Group {

            DEF reflection MatrixTransform {
              matrix 0.49999988 -0.86602545 6.1230318e-17 0
                0.86602539 0.5 6.1230318e-17 0
                -1.2246064e-16 -1.4996607e-32 -1 0
                0 0 0 1

            }
          }
          USE TSWH+2
        }
        DEF Position Separator {

          DEF VolumeTransformation Group {

            DEF straight MatrixTransform {
              matrix 0.86602533 -0.50000018 6.1230318e-17 0
                0.49999994 0.86602545 6.1230318e-17 0
                0 0 1 0
                0 0 0 1

            }
          }
          USE TSWH+2
        }
        DEF Position Separator {

          DEF VolumeTransformation Group {

            DEF reflection MatrixTransform {
              matrix 0.86602533 -0.50000018 6.1230318e-17 0
                0.49999994 0.86602545 6.1230318e-17 0
                -1.2246064e-16 -1.4996607e-32 -1 0
                0 0 0 1

            }
          }
          USE TSWH+2
        }
      }
    }
  }
}
