TDataSet *CreateTable() {
  if (!gROOT->GetClass("St_Survey")) return 0;
  Survey_st row[36] = {
    {1001, 0.70808, 0.70612,-0.00105,-0.70613, 0.70808, 0.00052, 0.00113, 0.00036, 1.00000,  0.0734, -0.0671,-23.5229,0.0,0.0,0.0,0.0,0.0,0.0,"Pass217 FFK"},
    {1003,-0.70802, 0.70621,-0.00511,-0.70617,-0.70800,-0.00682,-0.00840,-0.00124, 0.99998,  0.1549,  0.1758,-23.5239,0.0,0.0,0.0,0.0,0.0,0.0,"Pass217 FFK"},
    {1002,-0.00170, 0.99999,-0.00072,-0.99999,-0.00170,-0.00080,-0.00081, 0.00071, 1.00000,  0.0117,  0.0751,-23.5220,0.0,0.0,0.0,0.0,0.0,0.0,"Pass217 FFK"},
    {1004,-1.00001,-0.00349,-0.00174, 0.00354,-1.00000,-0.00051,-0.00174,-0.00048, 0.99999,  0.0438,  0.0418,-23.5182,0.0,0.0,0.0,0.0,0.0,0.0,"Pass217 FFK"},
    {1005,-0.70866,-0.70554, 0.00146, 0.70554,-0.70866,-0.00033, 0.00128, 0.00078, 1.00000, -0.1109,  0.0900,-23.5241,0.0,0.0,0.0,0.0,0.0,0.0,"Pass217 FFK"},
    {1007, 0.70547,-0.70874, 0.00180, 0.70874, 0.70548,-0.00071,-0.00076, 0.00178, 1.00000, -0.0636,  0.0004,-23.5469,0.0,0.0,0.0,0.0,0.0,0.0,"Pass217 FFK"},
    {1006, 0.00154,-1.00000, 0.00104, 0.99999, 0.00154,-0.00007, 0.00009, 0.00105, 1.00000, -0.0461,  0.0855,-23.5471,0.0,0.0,0.0,0.0,0.0,0.0,"Pass217 FFK"},
    {1008, 0.99999,-0.00337,-0.00010, 0.00337, 0.99999, 0.00076, 0.00013,-0.00075, 1.00000,  0.0456, -0.0560,-23.5293,0.0,0.0,0.0,0.0,0.0,0.0,"Pass217 FFK"},
    {2001, 0.90038, 0.43489, 0.01326,-0.43507, 0.89999, 0.02623,-0.00053,-0.02939, 0.99957, -0.2342, -0.7207,-23.5344,0.0,0.0,0.0,0.0,0.0,0.0,"Pass217 FFK"},
    {2003,-0.00135, 1.00001, 0.00026,-1.00001,-0.00133,-0.00007,-0.00007,-0.00027, 1.00000,  0.0062,  0.0886,-23.5223,0.0,0.0,0.0,0.0,0.0,0.0,"Pass217 FFK"},
    {2005,-0.86632, 0.49950,-0.00209,-0.49951,-0.86631,-0.00037,-0.00202, 0.00069, 1.00000,  0.2992,  0.1589,-23.5334,0.0,0.0,0.0,0.0,0.0,0.0,"Pass217 FFK"},
    {2002, 0.49939, 0.86639, 0.00072,-0.86639, 0.49939,-0.00302,-0.00299, 0.00089, 1.00000, -0.0019,  0.0155,-23.5242,0.0,0.0,0.0,0.0,0.0,0.0,"Pass217 FFK"},
    {2004,-0.49985, 0.86610,-0.00024,-0.86608,-0.49985,-0.00200,-0.00189,-0.00080, 1.00000, -0.0168,  0.0308,-23.5062,0.0,0.0,0.0,0.0,0.0,0.0,"Pass217 FFK"},
    {2006,-0.99997, 0.00571, 0.00111,-0.00572,-0.99996, 0.00001, 0.00111, 0.00003, 1.00003, -0.0505,  0.0193,-23.5423,0.0,0.0,0.0,0.0,0.0,0.0,"Pass217 FFK"},
    {2007,-0.86668,-0.49889,-0.00095, 0.49889,-0.86666, 0.00059,-0.00114, 0.00003, 1.00000,  0.0447, -0.0139,-23.5022,0.0,0.0,0.0,0.0,0.0,0.0,"Pass217 FFK"},
    {2009, 0.00056,-0.99998, 0.00056, 0.99999, 0.00055, 0.00264,-0.00263, 0.00054, 1.00001, -0.0060,  0.2295,-23.5390,0.0,0.0,0.0,0.0,0.0,0.0,"Pass217 FFK"},
    {2011, 0.78468,-0.61989,-0.00351, 0.61986, 0.78468,-0.00442, 0.00553, 0.00129, 1.00000,  0.2875,  0.1290,-23.5525,0.0,0.0,0.0,0.0,0.0,0.0,"Pass217 FFK"},
    {2008,-0.50070,-0.86564,-0.00033, 0.86562,-0.50070, 0.00125,-0.00126, 0.00038, 1.00000,  0.0624, -0.1079,-23.4968,0.0,0.0,0.0,0.0,0.0,0.0,"Pass217 FFK"},
    {2010, 0.49851,-0.86685,-0.00039, 0.86685, 0.49851,-0.00102, 0.00108, 0.00018, 1.00000, -0.0198, -0.0816,-23.5462,0.0,0.0,0.0,0.0,0.0,0.0,"Pass217 FFK"},
    {2012, 1.00002,-0.00069,-0.00084, 0.00068, 1.00002,-0.00079, 0.00084, 0.00079, 1.00000, -0.0683,  0.0170,-23.5516,0.0,0.0,0.0,0.0,0.0,0.0,"Pass217 FFK"},
    {3001, 0.92436, 0.38147, 0.00404,-0.38147, 0.92436,-0.00202,-0.00452, 0.00034, 0.99999, -0.1548,  0.0748,-23.5417,0.0,0.0,0.0,0.0,0.0,0.0,"Pass217 FFK"},
    {3003, 0.38743, 0.92188, 0.00035,-0.92185, 0.38743,-0.00350,-0.00336, 0.00107, 1.00000,  0.0736, -0.1247,-23.5462,0.0,0.0,0.0,0.0,0.0,0.0,"Pass217 FFK"},
    {3005,-0.37947, 0.92519, 0.00014,-0.92520,-0.37946, 0.00017, 0.00019,-0.00005, 1.00000, -0.0176, -0.0462,-23.5084,0.0,0.0,0.0,0.0,0.0,0.0,"Pass217 FFK"},
    {3007,-0.92347, 0.38373, 0.00021,-0.38373,-0.92346, 0.00005, 0.00022,-0.00003, 1.00000, -0.1414, -0.0412,-23.5328,0.0,0.0,0.0,0.0,0.0,0.0,"Pass217 FFK"},
    {3002, 0.70414, 0.71010,-0.00129,-0.71010, 0.70413,-0.00104, 0.00017, 0.00165, 1.00000, -0.1527,  0.1948,-23.5602,0.0,0.0,0.0,0.0,0.0,0.0,"Pass217 FFK"},
    {3004, 0.00052, 1.00001,-0.00072,-1.00000, 0.00052, 0.00256, 0.00257, 0.00077, 1.00000,  0.0411, -0.1403,-23.5207,0.0,0.0,0.0,0.0,0.0,0.0,"Pass217 FFK"},
    {3006,-0.70332, 0.71086, 0.00171,-0.71086,-0.70333, 0.00042, 0.00152,-0.00093, 1.00000, -0.1386, -0.1004,-23.5193,0.0,0.0,0.0,0.0,0.0,0.0,"Pass217 FFK"},
    {3008,-1.00000, 0.00244, 0.00107,-0.00248,-1.00002,-0.00097, 0.00102,-0.00100, 1.00001, -0.3430,  0.0124,-23.5225,0.0,0.0,0.0,0.0,0.0,0.0,"Pass217 FFK"},
    {3009,-0.92479,-0.38048, 0.00018, 0.38048,-0.92477, 0.00027, 0.00008, 0.00031, 1.00000,  0.1909, -0.0550,-23.5041,0.0,0.0,0.0,0.0,0.0,0.0,"Pass217 FFK"},
    {3011,-0.37838,-0.92564, 0.00075, 0.92564,-0.37837,-0.00224, 0.00234,-0.00015, 1.00000, -0.0568,  0.1381,-23.4950,0.0,0.0,0.0,0.0,0.0,0.0,"Pass217 FFK"},
    {3013, 0.38134,-0.92443,-0.00099, 0.92444, 0.38133,-0.00055, 0.00091,-0.00067, 1.00000,  0.0534,  0.0975,-23.5212,0.0,0.0,0.0,0.0,0.0,0.0,"Pass217 FFK"},
    {3015, 0.92296,-0.38491,-0.00187, 0.38489, 0.92296,-0.00076, 0.00205,-0.00003, 0.99999,  0.0247,  0.0152,-23.5494,0.0,0.0,0.0,0.0,0.0,0.0,"Pass217 FFK"},
    {3010,-0.71092,-0.70325, 0.00017, 0.70325,-0.71093,-0.00060, 0.00054,-0.00031, 1.00000, -0.0655,  0.0862,-23.4882,0.0,0.0,0.0,0.0,0.0,0.0,"Pass217 FFK"},
    {3012,-0.00291,-1.00002, 0.00027, 1.00002,-0.00293, 0.00055,-0.00053, 0.00023, 1.00000, -0.0044,  0.3409,-23.5292,0.0,0.0,0.0,0.0,0.0,0.0,"Pass217 FFK"},
    {3014, 0.70355,-0.71064,-0.00112, 0.71064, 0.70355,-0.00127, 0.00168, 0.00009, 1.00000, -0.0353, -0.0361,-23.5460,0.0,0.0,0.0,0.0,0.0,0.0,"Pass217 FFK"},
    {3016, 0.99999,-0.00050, 0.00026, 0.00050, 1.00000, 0.00164,-0.00023,-0.00165, 1.00000, -0.1874, -0.0656,-23.5135,0.0,0.0,0.0,0.0,0.0,0.0,"Pass217 FFK"}
  };
  St_Survey *tableSet = new St_Survey("LadderOnShell",36);
  for (Int_t i = 0; i < 36; i++) tableSet->AddAt(&row[i].Id, i);
  return (TDataSet *)tableSet;
}
