TDataSet *CreateTable() {
  if (!gROOT->GetClass("St_Survey")) return 0;
  Survey_st row[36] = {
    {1001, 0.70344, 0.71075,-0.00024,-0.71075, 0.70344,-0.00139,-0.00083, 0.00115, 1.00000, -0.0435,  0.0190,-23.5311,0.0,0.0,0.0,0.0,0.0,0.0,"Pass126 049F"},
    {1003,-0.70781, 0.70639, 0.00014,-0.70640,-0.70780,-0.00061,-0.00033,-0.00052, 1.00000, -0.0003,  0.0170,-23.5094,0.0,0.0,0.0,0.0,0.0,0.0,"Pass126 049F"},
    {1002,-0.00357, 1.00000,-0.00011,-1.00000,-0.00357,-0.00053,-0.00053, 0.00011, 1.00000, -0.0194,  0.0280,-23.5267,0.0,0.0,0.0,0.0,0.0,0.0,"Pass126 049F"},
    {1004,-1.00000,-0.00293, 0.00118, 0.00293,-1.00000,-0.00135, 0.00118,-0.00135, 1.00000, -0.0382,  0.0724,-23.5170,0.0,0.0,0.0,0.0,0.0,0.0,"Pass126 049F"},
    {1005,-0.70711,-0.70711, 0.00138, 0.70711,-0.70711, 0.00013, 0.00089, 0.00107, 1.00000, -0.0391,  0.0435,-23.5073,0.0,0.0,0.0,0.0,0.0,0.0,"Pass126 049F"},
    {1007, 0.70942,-0.70479, 0.00072, 0.70479, 0.70942,-0.00036,-0.00025, 0.00075, 1.00000, -0.0098, -0.0215,-23.5434,0.0,0.0,0.0,0.0,0.0,0.0,"Pass126 049F"},
    {1006, 0.00000,-1.00000, 0.00077, 1.00000, 0.00000,-0.00024, 0.00024, 0.00077, 1.00000, -0.0069, -0.0086,-23.5269,0.0,0.0,0.0,0.0,0.0,0.0,"Pass126 049F"},
    {1008, 1.00000, 0.00091,-0.00070,-0.00091, 0.99999,-0.00478, 0.00070, 0.00479, 0.99999, -0.0179,  0.0775,-23.5246,0.0,0.0,0.0,0.0,0.0,0.0,"Pass126 049F"},
    {2001, 0.86577, 0.50041,-0.00202,-0.50041, 0.86579,-0.00092, 0.00130, 0.00181, 1.00000,  0.0126,  0.0089,-23.5606,0.0,0.0,0.0,0.0,0.0,0.0,"Pass126 049F"},
    {2003,-0.00698, 0.99998,-0.00062,-0.99998,-0.00698,-0.00067,-0.00067, 0.00061, 1.00000, -0.0062,  0.0591,-23.5208,0.0,0.0,0.0,0.0,0.0,0.0,"Pass126 049F"},
    {2005,-0.86396, 0.50355,-0.00209,-0.50355,-0.86396, 0.00023,-0.00168, 0.00125, 1.00000, -0.0061,  0.0099,-23.5420,0.0,0.0,0.0,0.0,0.0,0.0,"Pass126 049F"},
    {2002, 0.49541, 0.86866,-0.00122,-0.86866, 0.49541,-0.00029, 0.00036, 0.00119, 1.00000, -0.0207, -0.0081,-23.5356,0.0,0.0,0.0,0.0,0.0,0.0,"Pass126 049F"},
    {2004,-0.50412, 0.86364, 0.00043,-0.86363,-0.50412,-0.00076,-0.00045,-0.00076, 1.00000, -0.0258,  0.0687,-23.5002,0.0,0.0,0.0,0.0,0.0,0.0,"Pass126 049F"},
    {2006,-0.99999, 0.00424, 0.00154,-0.00424,-0.99999,-0.00078, 0.00154,-0.00079, 1.00000, -0.0366,  0.0471,-23.5324,0.0,0.0,0.0,0.0,0.0,0.0,"Pass126 049F"},
    {2007,-0.86648,-0.49920, 0.00151, 0.49921,-0.86648, 0.00006, 0.00128, 0.00081, 1.00000, -0.0601,  0.0365,-23.4925,0.0,0.0,0.0,0.0,0.0,0.0,"Pass126 049F"},
    {2009,-0.00011,-1.00000, 0.00117, 0.99999,-0.00011,-0.00222, 0.00222, 0.00117, 1.00000, -0.0012,  0.0404,-23.5266,0.0,0.0,0.0,0.0,0.0,0.0,"Pass126 049F"},
    {2011, 0.86537,-0.50108, 0.00003, 0.50108, 0.86537,-0.00070, 0.00034, 0.00062, 1.00000,  0.0527, -0.0185,-23.5523,0.0,0.0,0.0,0.0,0.0,0.0,"Pass126 049F"},
    {2008,-0.50015,-0.86591, 0.00824, 0.86594,-0.50017, 0.00026, 0.00389, 0.00725, 0.99996, -0.2244, -0.0175,-23.4817,0.0,0.0,0.0,0.0,0.0,0.0,"Pass126 049F"},
    {2010, 0.50641,-0.86229,-0.00060, 0.86229, 0.50641, 0.00109,-0.00062,-0.00107, 1.00000,  0.0548, -0.0855,-23.5236,0.0,0.0,0.0,0.0,0.0,0.0,"Pass126 049F"},
    {2012, 1.00000, 0.00293,-0.00143,-0.00293, 1.00000, 0.00008, 0.00143,-0.00008, 1.00000,  0.0113, -0.0226,-23.5509,0.0,0.0,0.0,0.0,0.0,0.0,"Pass126 049F"},
    {3001, 0.92241, 0.38622, 0.00034,-0.38622, 0.92241,-0.00052,-0.00052, 0.00035, 1.00000, -0.0324,  0.0071,-23.5541,0.0,0.0,0.0,0.0,0.0,0.0,"Pass126 049F"},
    {3003, 0.38502, 0.92293,-0.00058,-0.92292, 0.38502,-0.00164,-0.00130, 0.00116, 1.00000,  0.0104, -0.0605,-23.5545,0.0,0.0,0.0,0.0,0.0,0.0,"Pass126 049F"},
    {3005,-0.37417, 0.92736,-0.00162,-0.92737,-0.37417,-0.00068,-0.00123, 0.00126, 1.00000, -0.0171, -0.0233,-23.5064,0.0,0.0,0.0,0.0,0.0,0.0,"Pass126 049F"},
    {3007,-0.92668, 0.37583,-0.00062,-0.37583,-0.92667,-0.00044,-0.00074,-0.00018, 1.00000,  0.0980,  0.0690,-23.5172,0.0,0.0,0.0,0.0,0.0,0.0,"Pass126 049F"},
    {3002, 0.70706, 0.70714,-0.00219,-0.70715, 0.70706,-0.00087, 0.00094, 0.00216, 1.00000, -0.0057,  0.0309,-23.5587,0.0,0.0,0.0,0.0,0.0,0.0,"Pass126 049F"},
    {3004, 0.00310, 1.00000, 0.00015,-1.00000, 0.00310,-0.00052,-0.00052,-0.00015, 1.00000, -0.0123, -0.0199,-23.5182,0.0,0.0,0.0,0.0,0.0,0.0,"Pass126 049F"},
    {3006,-0.70008, 0.71407, 0.00048,-0.71407,-0.70008,-0.00012, 0.00025,-0.00043, 1.00000, -0.1282, -0.0529,-23.5057,0.0,0.0,0.0,0.0,0.0,0.0,"Pass126 049F"},
    {3008,-1.00000,-0.00048, 0.00237, 0.00047,-1.00000,-0.00279, 0.00237,-0.00279, 1.00000, -0.0919,  0.0680,-23.5391,0.0,0.0,0.0,0.0,0.0,0.0,"Pass126 049F"},
    {3009,-0.92531,-0.37918, 0.00428, 0.37918,-0.92532,-0.00041, 0.00411, 0.00126, 0.99999, -0.1727,  0.0902,-23.4954,0.0,0.0,0.0,0.0,0.0,0.0,"Pass126 049F"},
    {3011,-0.37757,-0.92597, 0.00120, 0.92598,-0.37757,-0.00077, 0.00117, 0.00082, 1.00000, -0.0298,  0.0552,-23.4953,0.0,0.0,0.0,0.0,0.0,0.0,"Pass126 049F"},
    {3013, 0.38650,-0.92227,-0.00132, 0.92227, 0.38650,-0.00178, 0.00215,-0.00052, 1.00000,  0.0328, -0.0088,-23.5286,0.0,0.0,0.0,0.0,0.0,0.0,"Pass126 049F"},
    {3015, 0.92388,-0.38268, 0.00000, 0.38268, 0.92388, 0.00000, 0.00000, 0.00000, 1.00000,  0.0000,  0.0000,-23.5250,0.0,0.0,0.0,0.0,0.0,0.0,"Pass126 049F"},
    {3010,-0.70926,-0.70492, 0.00168, 0.70492,-0.70926,-0.00111, 0.00197, 0.00041, 0.99999, -0.0781,  0.0958,-23.4786,0.0,0.0,0.0,0.0,0.0,0.0,"Pass126 049F"},
    {3012, 0.00522,-0.99999, 0.00043, 0.99999, 0.00522,-0.00115, 0.00115, 0.00042, 1.00000,  0.0236, -0.0055,-23.5203,0.0,0.0,0.0,0.0,0.0,0.0,"Pass126 049F"},
    {3014, 0.70385,-0.71035,-0.00208, 0.71034, 0.70385,-0.00054, 0.00184,-0.00109, 1.00000,  0.1893,  0.0647,-23.5129,0.0,0.0,0.0,0.0,0.0,0.0,"Pass126 049F"},
    {3016, 1.00000, 0.00313,-0.00005,-0.00313, 1.00000,-0.00110, 0.00005, 0.00110, 1.00000, -0.0379,  0.0218,-23.5721,0.0,0.0,0.0,0.0,0.0,0.0,"Pass126 049F"}
  };
  St_Survey *tableSet = new St_Survey("LadderOnShell",36);
  for (Int_t i = 0; i < 36; i++) tableSet->AddAt(&row[i].Id, i);
  return (TDataSet *)tableSet;
}
