TDataSet *CreateTable() {
  if (!gROOT->GetClass("St_Survey")) return 0;
  Survey_st row[36] = {
    {1001, 0.70854, 0.70566,-0.00087,-0.70566, 0.70853, 0.00104, 0.00135,-0.00015, 1.00000,  0.0363, -0.0790,-23.5200,0.0,0.0,0.0,0.0,0.0,0.0,"Pass217 RFI"},
    {1003,-0.70800, 0.70622,-0.00186,-0.70621,-0.70803,-0.00352,-0.00380,-0.00117, 1.00001,  0.0831,  0.1027,-23.5152,0.0,0.0,0.0,0.0,0.0,0.0,"Pass217 RFI"},
    {1002,-0.00123, 1.00001,-0.00072,-1.00000,-0.00125,-0.00146,-0.00146, 0.00071, 1.00000,  0.0123,  0.0635,-23.5193,0.0,0.0,0.0,0.0,0.0,0.0,"Pass217 RFI"},
    {1004,-1.00001, 0.00072,-0.00189,-0.00070,-1.00000,-0.00054,-0.00189,-0.00054, 1.00000,  0.0096,  0.0648,-23.5125,0.0,0.0,0.0,0.0,0.0,0.0,"Pass217 RFI"},
    {1005,-0.70851,-0.70569, 0.00156, 0.70569,-0.70851,-0.00039, 0.00137, 0.00081, 1.00000, -0.0696,  0.0461,-23.5223,0.0,0.0,0.0,0.0,0.0,0.0,"Pass217 RFI"},
    {1007, 0.70408,-0.71015, 0.00142, 0.71014, 0.70407,-0.00190, 0.00035, 0.00234, 1.00000, -0.0669,  0.0255,-23.5457,0.0,0.0,0.0,0.0,0.0,0.0,"Pass217 RFI"},
    {1006, 0.00042,-1.00000, 0.00135, 1.00000, 0.00041,-0.00106, 0.00106, 0.00136, 1.00000, -0.0371,  0.0077,-23.5452,0.0,0.0,0.0,0.0,0.0,0.0,"Pass217 RFI"},
    {1008, 0.99999,-0.00500, 0.00156, 0.00500, 1.00000, 0.00090,-0.00155,-0.00088, 1.00000, -0.0092, -0.0735,-23.5254,0.0,0.0,0.0,0.0,0.0,0.0,"Pass217 RFI"},
    {2001, 0.86691, 0.49849, 0.00128,-0.49847, 0.86691,-0.00176,-0.00197, 0.00089, 1.00000, -0.0289,  0.0227,-23.5364,0.0,0.0,0.0,0.0,0.0,0.0,"Pass217 RFI"},
    {2003,-0.00084, 1.00000, 0.00028,-1.00000,-0.00084, 0.00006, 0.00006,-0.00029, 1.00000,  0.0089,  0.0287,-23.5190,0.0,0.0,0.0,0.0,0.0,0.0,"Pass217 RFI"},
    {2005,-0.86602, 0.50000,-0.00252,-0.49998,-0.86605,-0.00089,-0.00261, 0.00046, 0.99999,  0.1178,  0.0624,-23.5313,0.0,0.0,0.0,0.0,0.0,0.0,"Pass217 RFI"},
    {2002, 0.49902, 0.86658,-0.00010,-0.86657, 0.49902,-0.00073,-0.00063, 0.00044, 1.00000,  0.0100, -0.0219,-23.5186,0.0,0.0,0.0,0.0,0.0,0.0,"Pass217 RFI"},
    {2004,-0.50011, 0.86596, 0.00076,-0.86595,-0.50010,-0.00018, 0.00019,-0.00072, 1.00000, -0.0042,  0.0517,-23.5045,0.0,0.0,0.0,0.0,0.0,0.0,"Pass217 RFI"},
    {2006,-0.99997, 0.00548, 0.00072,-0.00547,-0.99998, 0.00052, 0.00073, 0.00051, 1.00000,  0.0032,  0.0071,-23.5413,0.0,0.0,0.0,0.0,0.0,0.0,"Pass217 RFI"},
    {2007,-0.86767,-0.49709,-0.00037, 0.49709,-0.86766,-0.00011,-0.00024,-0.00023, 1.00000,  0.0319,  0.0028,-23.4962,0.0,0.0,0.0,0.0,0.0,0.0,"Pass217 RFI"},
    {2009,-0.00019,-1.00000, 0.00121, 1.00000,-0.00022,-0.00361, 0.00361, 0.00119, 1.00000, -0.0158,  0.1075,-23.5399,0.0,0.0,0.0,0.0,0.0,0.0,"Pass217 RFI"},
    {2011, 0.85907,-0.51184,-0.00349, 0.51182, 0.85908,-0.00326, 0.00468, 0.00103, 0.99999,  0.5585,  0.3303,-23.5390,0.0,0.0,0.0,0.0,0.0,0.0,"Pass217 RFI"},
    {2008,-0.50163,-0.86509, 0.00133, 0.86509,-0.50162,-0.00097, 0.00151, 0.00065, 1.00000, -0.0187,  0.0218,-23.4985,0.0,0.0,0.0,0.0,0.0,0.0,"Pass217 RFI"},
    {2010, 0.49837,-0.86697, 0.00186, 0.86697, 0.49836,-0.00289, 0.00158, 0.00307, 0.99999,  0.0265,  0.0806,-23.5554,0.0,0.0,0.0,0.0,0.0,0.0,"Pass217 RFI"},
    {2012, 0.99999,-0.00244,-0.00018, 0.00244, 0.99998,-0.00113, 0.00018, 0.00113, 1.00000, -0.0097,  0.0290,-23.5483,0.0,0.0,0.0,0.0,0.0,0.0,"Pass217 RFI"},
    {3001, 0.92438, 0.38141, 0.00390,-0.38140, 0.92441,-0.00137,-0.00409,-0.00019, 1.00000, -0.0738,  0.0260,-23.5391,0.0,0.0,0.0,0.0,0.0,0.0,"Pass217 RFI"},
    {3003, 0.38824, 0.92154, 0.00016,-0.92155, 0.38824,-0.00242,-0.00225, 0.00081, 1.00000,  0.0397, -0.0542,-23.5408,0.0,0.0,0.0,0.0,0.0,0.0,"Pass217 RFI"},
    {3005,-0.37925, 0.92528,-0.00007,-0.92528,-0.37925, 0.00011, 0.00008, 0.00013, 1.00000,  0.0096,  0.0032,-23.5082,0.0,0.0,0.0,0.0,0.0,0.0,"Pass217 RFI"},
    {3007,-0.92269, 0.38548, 0.00025,-0.38549,-0.92270, 0.00089, 0.00061, 0.00067, 1.00001,  0.1474,  0.0698,-23.5414,0.0,0.0,0.0,0.0,0.0,0.0,"Pass217 RFI"},
    {3002, 0.70498, 0.70926,-0.00169,-0.70926, 0.70497,-0.00071, 0.00067, 0.00170, 1.00000, -0.0201,  0.0627,-23.5595,0.0,0.0,0.0,0.0,0.0,0.0,"Pass217 RFI"},
    {3004, 0.00111, 1.00000,-0.00037,-1.00000, 0.00111,-0.00032,-0.00032, 0.00037, 1.00000,  0.0374,  0.0320,-23.5124,0.0,0.0,0.0,0.0,0.0,0.0,"Pass217 RFI"},
    {3006,-0.70380, 0.71040,-0.00017,-0.71039,-0.70379,-0.00085,-0.00069,-0.00045, 1.00000, -0.0626, -0.0354,-23.5219,0.0,0.0,0.0,0.0,0.0,0.0,"Pass217 RFI"},
    {3008,-1.00000, 0.00235, 0.00100,-0.00236,-1.00000,-0.00048, 0.00101,-0.00048, 0.99999,  0.0471,  0.0042,-23.5267,0.0,0.0,0.0,0.0,0.0,0.0,"Pass217 RFI"},
    {3009,-0.92512,-0.37969,-0.00120, 0.37972,-0.92511, 0.00088,-0.00144, 0.00033, 1.00001,  0.1538, -0.0440,-23.5050,0.0,0.0,0.0,0.0,0.0,0.0,"Pass217 RFI"},
    {3011,-0.38039,-0.92482, 0.00180, 0.92480,-0.38040,-0.00310, 0.00357, 0.00047, 0.99999, -0.0133,  0.0301,-23.4980,0.0,0.0,0.0,0.0,0.0,0.0,"Pass217 RFI"},
    {3013, 0.37890,-0.92545,-0.00082, 0.92545, 0.37889,-0.00031, 0.00059,-0.00064, 1.00001,  0.0575,  0.1089,-23.5060,0.0,0.0,0.0,0.0,0.0,0.0,"Pass217 RFI"},
    {3015, 0.92180,-0.38766,-0.00393, 0.38763, 0.92180,-0.00197, 0.00441, 0.00030, 0.99998,  0.0450,  0.0314,-23.5488,0.0,0.0,0.0,0.0,0.0,0.0,"Pass217 RFI"},
    {3010,-0.71048,-0.70372, 0.00102, 0.70373,-0.71049,-0.00170, 0.00193,-0.00050, 1.00000, -0.0897,  0.1189,-23.4820,0.0,0.0,0.0,0.0,0.0,0.0,"Pass217 RFI"},
    {3012,-0.00468,-0.99999, 0.00098, 1.00000,-0.00467,-0.00060, 0.00064, 0.00098, 1.00000, -0.0121,  0.1132,-23.5327,0.0,0.0,0.0,0.0,0.0,0.0,"Pass217 RFI"},
    {3014, 0.70339,-0.71076,-0.00026, 0.71078, 0.70339,-0.00139, 0.00116, 0.00077, 1.00000,  0.1295,  0.1550,-23.5461,0.0,0.0,0.0,0.0,0.0,0.0,"Pass217 RFI"},
    {3016, 0.99997,-0.00353, 0.00572, 0.00353, 1.00000, 0.00079,-0.00573,-0.00080, 0.99998, -0.3389, -0.0324,-23.5306,0.0,0.0,0.0,0.0,0.0,0.0,"Pass217 RFI"}
  };
  St_Survey *tableSet = new St_Survey("LadderOnShell",36);
  for (Int_t i = 0; i < 36; i++) tableSet->AddAt(&row[i].Id, i);
  return (TDataSet *)tableSet;
}
