TDataSet *CreateTable() {
  if (!gROOT->GetClass("St_Survey")) return 0;
  Survey_st row[36] = {
    {1001, 0.70569, 0.70852,-0.00068,-0.70852, 0.70569,-0.00057, 0.00007, 0.00089, 1.00000, -0.0065,  0.0140,-23.5254,0.0,0.0,0.0,0.0,0.0,0.0,"Pass49OT"},
    {1003,-0.70663, 0.70758,-0.00028,-0.70758,-0.70661,-0.00446,-0.00335,-0.00295, 0.99999,  0.0144,  0.0629,-23.4886,0.0,0.0,0.0,0.0,0.0,0.0,"Pass49OT"},
    {1002,-0.00208, 1.00000,-0.00055,-1.00000,-0.00208,-0.00036,-0.00036, 0.00055, 1.00000, -0.0037,  0.0185,-23.5207,0.0,0.0,0.0,0.0,0.0,0.0,"Pass49OT"},
    {1004,-1.00000,-0.00161, 0.00004, 0.00161,-1.00000,-0.00097, 0.00004,-0.00097, 1.00000,  0.0054,  0.0485,-23.5116,0.0,0.0,0.0,0.0,0.0,0.0,"Pass49OT"},
    {1005,-0.71270,-0.70147,-0.00033, 0.70147,-0.71270,-0.00082, 0.00034,-0.00082, 1.00000, -0.0174,  0.0841,-23.4996,0.0,0.0,0.0,0.0,0.0,0.0,"Pass49OT"},
    {1007, 0.70712,-0.70710,-0.00003, 0.70710, 0.70712,-0.00013, 0.00012, 0.00007, 1.00000,  0.0061,  0.0013,-23.5480,0.0,0.0,0.0,0.0,0.0,0.0,"Pass49OT"},
    {1006,-0.00080,-1.00000, 0.00091, 1.00000,-0.00080, 0.00026,-0.00026, 0.00091, 1.00000, -0.0308, -0.0260,-23.5346,0.0,0.0,0.0,0.0,0.0,0.0,"Pass49OT"},
    {1008, 1.00000, 0.00091,-0.00070,-0.00091, 0.99999,-0.00478, 0.00070, 0.00479, 0.99999, -0.0179,  0.0775,-23.5246,0.0,0.0,0.0,0.0,0.0,0.0,"Pass49OT"},
    {2001, 0.86544, 0.50102,-0.00082,-0.50102, 0.86544,-0.00124, 0.00009, 0.00149, 1.00000, -0.0016,  0.0198,-23.5540,0.0,0.0,0.0,0.0,0.0,0.0,"Pass49OT"},
    {2003,-0.00119, 1.00000, 0.00006,-1.00000,-0.00119,-0.00030,-0.00030,-0.00006, 1.00000, -0.0139,  0.0148,-23.5111,0.0,0.0,0.0,0.0,0.0,0.0,"Pass49OT"},
    {2005,-0.86549, 0.50091,-0.00048,-0.50091,-0.86549, 0.00076,-0.00003, 0.00090, 1.00000, -0.0238,  0.0096,-23.5404,0.0,0.0,0.0,0.0,0.0,0.0,"Pass49OT"},
    {2002, 0.49928, 0.86644,-0.00113,-0.86644, 0.49928,-0.00074,-0.00007, 0.00134, 1.00000, -0.0186,  0.0083,-23.5335,0.0,0.0,0.0,0.0,0.0,0.0,"Pass49OT"},
    {2004,-0.50063, 0.86567, 0.00110,-0.86567,-0.50063,-0.00075,-0.00010,-0.00133, 1.00000, -0.0487,  0.0420,-23.4891,0.0,0.0,0.0,0.0,0.0,0.0,"Pass49OT"},
    {2006,-1.00000,-0.00033, 0.00013, 0.00033,-1.00000,-0.00046, 0.00013,-0.00046, 1.00000, -0.0040,  0.0486,-23.5330,0.0,0.0,0.0,0.0,0.0,0.0,"Pass49OT"},
    {2007,-0.86623,-0.49965, 0.00039, 0.49965,-0.86623, 0.00024, 0.00022, 0.00041, 1.00000, -0.0174,  0.0214,-23.4990,0.0,0.0,0.0,0.0,0.0,0.0,"Pass49OT"},
    {2009,-0.00025,-1.00000, 0.00171, 0.99999,-0.00025,-0.00302, 0.00302, 0.00171, 1.00000, -0.0168,  0.1156,-23.5468,0.0,0.0,0.0,0.0,0.0,0.0,"Pass49OT"},
    {2011, 0.86594,-0.50013, 0.00023, 0.50013, 0.86594,-0.00044, 0.00003, 0.00049, 1.00000,  0.0256,  0.0023,-23.5545,0.0,0.0,0.0,0.0,0.0,0.0,"Pass49OT"},
    {2008,-0.49703,-0.86771, 0.00741, 0.86774,-0.49704, 0.00125, 0.00260, 0.00705, 0.99997, -0.1619, -0.0352,-23.3102,0.0,0.0,0.0,0.0,0.0,0.0,"Pass49OT"},
    {2010, 0.50313,-0.86421,-0.00068, 0.86421, 0.50313,-0.00074, 0.00099,-0.00022, 1.00000,  0.0337, -0.0234,-23.5344,0.0,0.0,0.0,0.0,0.0,0.0,"Pass49OT"},
    {2012, 1.00000, 0.00134,-0.00021,-0.00134, 1.00000,-0.00035, 0.00021, 0.00035, 1.00000, -0.0122,  0.0055,-23.5592,0.0,0.0,0.0,0.0,0.0,0.0,"Pass49OT"},
    {3001, 0.92435, 0.38155,-0.00026,-0.38155, 0.92435,-0.00049, 0.00005, 0.00055, 1.00000,  0.0162,  0.0005,-23.5450,0.0,0.0,0.0,0.0,0.0,0.0,"Pass49OT"},
    {3003, 0.38336, 0.92361,-0.00072,-0.92361, 0.38336,-0.00041,-0.00010, 0.00082, 1.00000, -0.0150, -0.0170,-23.5439,0.0,0.0,0.0,0.0,0.0,0.0,"Pass49OT"},
    {3005,-0.38043, 0.92481, 0.00046,-0.92481,-0.38043, 0.00000, 0.00018,-0.00041, 1.00000, -0.0471, -0.0274,-23.5025,0.0,0.0,0.0,0.0,0.0,0.0,"Pass49OT"},
    {3007,-0.92470, 0.38068,-0.00017,-0.38068,-0.92470,-0.00079,-0.00046,-0.00067, 1.00000,  0.0106,  0.0700,-23.5443,0.0,0.0,0.0,0.0,0.0,0.0,"Pass49OT"},
    {3002, 0.70458, 0.70962,-0.00107,-0.70962, 0.70458,-0.00145,-0.00027, 0.00178, 1.00000, -0.0234,  0.0605,-23.5524,0.0,0.0,0.0,0.0,0.0,0.0,"Pass49OT"},
    {3004, 0.00094, 1.00000, 0.00078,-1.00000, 0.00094, 0.00002, 0.00002,-0.00078, 1.00000, -0.0137, -0.0343,-23.4998,0.0,0.0,0.0,0.0,0.0,0.0,"Pass49OT"},
    {3006,-0.70352, 0.71068,-0.00012,-0.71068,-0.70352,-0.00036,-0.00035,-0.00018, 1.00000, -0.0800, -0.0077,-23.5197,0.0,0.0,0.0,0.0,0.0,0.0,"Pass49OT"},
    {3008,-1.00000,-0.00081, 0.00012, 0.00081,-1.00000,-0.00156, 0.00012,-0.00156, 1.00000, -0.0020,  0.0612,-23.5131,0.0,0.0,0.0,0.0,0.0,0.0,"Pass49OT"},
    {3009,-0.92620,-0.37700, 0.00369, 0.37700,-0.92621,-0.00105, 0.00381, 0.00043, 0.99999, -0.1716,  0.1235,-23.4805,0.0,0.0,0.0,0.0,0.0,0.0,"Pass49OT"},
    {3011,-0.37453,-0.92721, 0.00074, 0.92721,-0.37453, 0.00027, 0.00003, 0.00078, 1.00000,  0.0282, -0.1420,-23.4978,0.0,0.0,0.0,0.0,0.0,0.0,"Pass49OT"},
    {3013, 0.38464,-0.92306,-0.00092, 0.92306, 0.38464,-0.00159, 0.00182,-0.00023, 1.00000,  0.0201,  0.0144,-23.5307,0.0,0.0,0.0,0.0,0.0,0.0,"Pass49OT"},
    {3015, 0.92388,-0.38268, 0.00000, 0.38268, 0.92388, 0.00000, 0.00000, 0.00000, 1.00000,  0.0000,  0.0000,-23.5250,0.0,0.0,0.0,0.0,0.0,0.0,"Pass49OT"},
    {3010,-0.71423,-0.69990, 0.00046, 0.69990,-0.71423,-0.00016, 0.00044, 0.00022, 1.00000, -0.1183,  0.1259,-23.4772,0.0,0.0,0.0,0.0,0.0,0.0,"Pass49OT"},
    {3012,-0.00123,-1.00000, 0.00034, 0.99999,-0.00123,-0.00390, 0.00390, 0.00033, 0.99999,  0.0088,  0.1070,-23.5280,0.0,0.0,0.0,0.0,0.0,0.0,"Pass49OT"},
    {3014, 0.70251,-0.71168,-0.00075, 0.71167, 0.70251, 0.00051, 0.00016,-0.00089, 1.00000,  0.1182,  0.0383,-23.5306,0.0,0.0,0.0,0.0,0.0,0.0,"Pass49OT"},
    {3016, 1.00000, 0.00313,-0.00005,-0.00313, 1.00000,-0.00110, 0.00005, 0.00110, 1.00000, -0.0379,  0.0218,-23.5721,0.0,0.0,0.0,0.0,0.0,0.0,"Pass49OT"}
  };
  St_Survey *tableSet = new St_Survey("LadderOnShell",36);
  for (Int_t i = 0; i < 36; i++) tableSet->AddAt(&row[i].Id, i);
  return (TDataSet *)tableSet;
}
