TDataSet *CreateTable() {
  if (!gROOT->GetClass("St_Survey")) return 0;
  Survey_st row[36] = {
    {1001, 0.70132, 0.71285,-0.00145,-0.71285, 0.70132,-0.00002, 0.00100, 0.00105, 1.00000,  0.0110, -0.0096,-23.5242,0.0,0.0,0.0,0.0,0.0,0.0,"Pass126 Cu62F"},
    {1003,-0.70382, 0.71038,-0.00043,-0.71038,-0.70380,-0.00322,-0.00258,-0.00195, 0.99999,  0.0059,  0.0607,-23.5022,0.0,0.0,0.0,0.0,0.0,0.0,"Pass126 Cu62F"},
    {1002,-0.00033, 1.00000,-0.00078,-1.00000,-0.00033,-0.00115,-0.00115, 0.00078, 1.00000,  0.0027,  0.0357,-23.5280,0.0,0.0,0.0,0.0,0.0,0.0,"Pass126 Cu62F"},
    {1004,-1.00000,-0.00393,-0.00041, 0.00393,-0.99999,-0.00133,-0.00041,-0.00133, 1.00000,  0.0145,  0.0728,-23.5099,0.0,0.0,0.0,0.0,0.0,0.0,"Pass126 Cu62F"},
    {1005,-0.71133,-0.70286, 0.00054, 0.70286,-0.71133,-0.00108, 0.00114,-0.00039, 1.00000, -0.0629,  0.1154,-23.5052,0.0,0.0,0.0,0.0,0.0,0.0,"Pass126 Cu62F"},
    {1007, 0.70798,-0.70624, 0.00040, 0.70624, 0.70798,-0.00010,-0.00021, 0.00036, 1.00000, -0.0086, -0.0155,-23.5476,0.0,0.0,0.0,0.0,0.0,0.0,"Pass126 Cu62F"},
    {1006, 0.00045,-1.00000, 0.00140, 1.00000, 0.00045,-0.00086, 0.00086, 0.00140, 1.00000, -0.0396,  0.0177,-23.5243,0.0,0.0,0.0,0.0,0.0,0.0,"Pass126 Cu62F"},
    {1008, 1.00000, 0.00091,-0.00070,-0.00091, 0.99999,-0.00478, 0.00070, 0.00479, 0.99999, -0.0179,  0.0775,-23.5246,0.0,0.0,0.0,0.0,0.0,0.0,"Pass126 Cu62F"},
    {2001, 0.86532, 0.50122,-0.00138,-0.50122, 0.86532,-0.00144, 0.00049, 0.00195, 1.00000, -0.0297,  0.0303,-23.5636,0.0,0.0,0.0,0.0,0.0,0.0,"Pass126 Cu62F"},
    {2003, 0.00317, 1.00000,-0.00022,-0.99999, 0.00317,-0.00046,-0.00046, 0.00022, 1.00000, -0.0103,  0.0052,-23.5123,0.0,0.0,0.0,0.0,0.0,0.0,"Pass126 Cu62F"},
    {2005,-0.86510, 0.50158,-0.00017,-0.50158,-0.86510, 0.00104, 0.00038, 0.00099, 1.00000, -0.0073,  0.0167,-23.5402,0.0,0.0,0.0,0.0,0.0,0.0,"Pass126 Cu62F"},
    {2002, 0.50074, 0.86559,-0.00106,-0.86560, 0.50075,-0.00042, 0.00017, 0.00112, 1.00000, -0.0116, -0.0152,-23.5314,0.0,0.0,0.0,0.0,0.0,0.0,"Pass126 Cu62F"},
    {2004,-0.50082, 0.86555, 0.00027,-0.86555,-0.50082,-0.00103,-0.00076,-0.00075, 1.00000, -0.0431,  0.0564,-23.5003,0.0,0.0,0.0,0.0,0.0,0.0,"Pass126 Cu62F"},
    {2006,-0.99999, 0.00457,-0.00031,-0.00457,-0.99999,-0.00096,-0.00031,-0.00096, 1.00000, -0.0183,  0.0617,-23.5314,0.0,0.0,0.0,0.0,0.0,0.0,"Pass126 Cu62F"},
    {2007,-0.86578,-0.50042, 0.00166, 0.50042,-0.86578,-0.00084, 0.00186, 0.00011, 1.00000, -0.0256,  0.0394,-23.4988,0.0,0.0,0.0,0.0,0.0,0.0,"Pass126 Cu62F"},
    {2009,-0.00025,-1.00000, 0.00171, 0.99999,-0.00025,-0.00302, 0.00302, 0.00171, 1.00000, -0.0168,  0.1156,-23.5468,0.0,0.0,0.0,0.0,0.0,0.0,"Pass126 Cu62F"},
    {2011, 0.86614,-0.49979,-0.00002, 0.49979, 0.86614,-0.00032, 0.00019, 0.00027, 1.00000,  0.0377, -0.0331,-23.5525,0.0,0.0,0.0,0.0,0.0,0.0,"Pass126 Cu62F"},
    {2008,-0.49703,-0.86771, 0.00741, 0.86774,-0.49704, 0.00125, 0.00260, 0.00705, 0.99997, -0.1619, -0.0352,-23.3102,0.0,0.0,0.0,0.0,0.0,0.0,"Pass126 Cu62F"},
    {2010, 0.50201,-0.86486,-0.00144, 0.86485, 0.50202,-0.00288, 0.00322, 0.00021, 1.00000,  0.0714,  0.0344,-23.5327,0.0,0.0,0.0,0.0,0.0,0.0,"Pass126 Cu62F"},
    {2012, 0.99999, 0.00447,-0.00091,-0.00447, 0.99999,-0.00073, 0.00091, 0.00073, 1.00000,  0.0007, -0.0036,-23.5619,0.0,0.0,0.0,0.0,0.0,0.0,"Pass126 Cu62F"},
    {3001, 0.92377, 0.38295,-0.00122,-0.38295, 0.92378,-0.00003, 0.00111, 0.00049, 1.00000,  0.0253, -0.0279,-23.5490,0.0,0.0,0.0,0.0,0.0,0.0,"Pass126 Cu62F"},
    {3003, 0.38252, 0.92396, 0.00031,-0.92395, 0.38252,-0.00295,-0.00284, 0.00084, 1.00000, -0.0418,  0.0382,-23.5466,0.0,0.0,0.0,0.0,0.0,0.0,"Pass126 Cu62F"},
    {3005,-0.38157, 0.92434, 0.00116,-0.92434,-0.38157,-0.00007, 0.00038,-0.00109, 1.00000, -0.0694, -0.0184,-23.4890,0.0,0.0,0.0,0.0,0.0,0.0,"Pass126 Cu62F"},
    {3007,-0.93030, 0.36678, 0.00068,-0.36678,-0.93030, 0.00067, 0.00087, 0.00037, 1.00000,  0.1031,  0.0946,-23.5317,0.0,0.0,0.0,0.0,0.0,0.0,"Pass126 Cu62F"},
    {3002, 0.70596, 0.70824,-0.00236,-0.70824, 0.70596,-0.00085, 0.00107, 0.00228, 1.00000, -0.0021,  0.0279,-23.5640,0.0,0.0,0.0,0.0,0.0,0.0,"Pass126 Cu62F"},
    {3004,-0.00111, 1.00000, 0.00051,-1.00000,-0.00111,-0.00029,-0.00029,-0.00051, 1.00000, -0.0085,  0.0088,-23.5092,0.0,0.0,0.0,0.0,0.0,0.0,"Pass126 Cu62F"},
    {3006,-0.70266, 0.71153, 0.00089,-0.71153,-0.70266,-0.00026, 0.00043,-0.00083, 1.00000, -0.1143, -0.0277,-23.4994,0.0,0.0,0.0,0.0,0.0,0.0,"Pass126 Cu62F"},
    {3008,-1.00000,-0.00081, 0.00012, 0.00081,-1.00000,-0.00156, 0.00012,-0.00156, 1.00000, -0.0020,  0.0612,-23.5131,0.0,0.0,0.0,0.0,0.0,0.0,"Pass126 Cu62F"},
    {3009,-0.92620,-0.37700, 0.00369, 0.37700,-0.92621,-0.00105, 0.00381, 0.00043, 0.99999, -0.1716,  0.1235,-23.4805,0.0,0.0,0.0,0.0,0.0,0.0,"Pass126 Cu62F"},
    {3011,-0.37513,-0.92697, 0.00265, 0.92695,-0.37513,-0.00531, 0.00592, 0.00046, 0.99999, -0.0075,  0.0178,-23.5050,0.0,0.0,0.0,0.0,0.0,0.0,"Pass126 Cu62F"},
    {3013, 0.38892,-0.92127,-0.00119, 0.92127, 0.38892,-0.00173, 0.00206,-0.00042, 1.00000,  0.0170, -0.0305,-23.5188,0.0,0.0,0.0,0.0,0.0,0.0,"Pass126 Cu62F"},
    {3015, 0.92388,-0.38268, 0.00000, 0.38268, 0.92388, 0.00000, 0.00000, 0.00000, 1.00000,  0.0000,  0.0000,-23.5250,0.0,0.0,0.0,0.0,0.0,0.0,"Pass126 Cu62F"},
    {3010,-0.71214,-0.70202, 0.00169, 0.70203,-0.71214,-0.00148, 0.00224, 0.00015, 1.00000, -0.1705,  0.1982,-23.4748,0.0,0.0,0.0,0.0,0.0,0.0,"Pass126 Cu62F"},
    {3012, 0.00083,-1.00001, 0.00017, 1.00000, 0.00083,-0.00163, 0.00163, 0.00017, 1.00000,  0.0244,  0.0859,-23.5238,0.0,0.0,0.0,0.0,0.0,0.0,"Pass126 Cu62F"},
    {3014, 0.70036,-0.71380,-0.00066, 0.71379, 0.70036,-0.00027, 0.00066,-0.00028, 1.00000,  0.1186,  0.0424,-23.5244,0.0,0.0,0.0,0.0,0.0,0.0,"Pass126 Cu62F"},
    {3016, 1.00000, 0.00313,-0.00005,-0.00313, 1.00000,-0.00110, 0.00005, 0.00110, 1.00000, -0.0379,  0.0218,-23.5721,0.0,0.0,0.0,0.0,0.0,0.0,"Pass126 Cu62F"}
  };
  St_Survey *tableSet = new St_Survey("LadderOnShell",36);
  for (Int_t i = 0; i < 36; i++) tableSet->AddAt(&row[i].Id, i);
  return (TDataSet *)tableSet;
}
