TDataSet *CreateTable() { 
// -----------------------------------------------------------------
// 
// These are simple rotational (basically) matrices that bring the 
// ladders into their final position in SVT Clamshell.
// 
// The z shift by -23.525 cm is to move from precision point A to SVT
// center which is in the middle of precision points A and B. Their
// distance is 19.5 inches. The point A has a z-offset of -1.24 cm
// which has also to be taken into account. So final shift number is
// ( 19.5 * 2.54 / 2. ) - 1.24  =  -23.525 cm
//
// ------  Test whether this table share library was loaded ------
  if (!gROOT->GetClass("St_Survey")) return 0;
  Survey_st row[36] = {
{1001,  0.707107,  0.707107,  0., -0.707107,   0.707107,  0.,  0,  0,  1,  0,  0, -23.5250,0,0,0,0,0,0,""},
{1003, -0.707107,  0.707107,  0., -0.707107,  -0.707107, -0.,  0,  0,  1,  0,  0, -23.5250,0,0,0,0,0,0,""},
{1002,  0.000000,  1.000000,  0., -1.000000,   0.000000,  0.,  0,  0,  1,  0,  0, -23.5250,0,0,0,0,0,0,""},
{1004, -1.000000,  0.000000,  0., -0.000000,  -1.000000, -0.,  0,  0,  1,  0,  0, -23.5250,0,0,0,0,0,0,""},
{1005, -0.707107, -0.707107, -0.,  0.707107,  -0.707107,  0.,  0,  0,  1,  0,  0, -23.5250,0,0,0,0,0,0,""},
{1007,  0.707107, -0.707107,  0.,  0.707107,   0.707107,  0.,  0,  0,  1,  0,  0, -23.5250,0,0,0,0,0,0,""},
{1006, -0.000000, -1.000000, -0.,  1.000000,  -0.000000,  0.,  0,  0,  1,  0,  0, -23.5250,0,0,0,0,0,0,""},
{1008,  1.000000,  0.000000,  0.,  0.000000,   1.000000,  0.,  0,  0,  1,  0,  0, -23.5250,0,0,0,0,0,0,""},
{2001,  0.866025,  0.500000,  0., -0.500000,   0.866025,  0.,  0,  0,  1,  0,  0, -23.5250,0,0,0,0,0,0,""},
{2003,  0.000000,  1.000000,  0., -1.000000,   0.000000,  0.,  0,  0,  1,  0,  0, -23.5250,0,0,0,0,0,0,""},
{2005, -0.866025,  0.500000,  0., -0.500000,  -0.866025, -0.,  0,  0,  1,  0,  0, -23.5250,0,0,0,0,0,0,""},
{2002,  0.500000,  0.866025,  0., -0.866025,   0.500000,  0.,  0,  0,  1,  0,  0, -23.5250,0,0,0,0,0,0,""},
{2004, -0.500000,  0.866025,  0., -0.866025,  -0.500000, -0.,  0,  0,  1,  0,  0, -23.5250,0,0,0,0,0,0,""},
{2006, -1.000000,  0.000000,  0., -0.000000,  -1.000000, -0.,  0,  0,  1,  0,  0, -23.5250,0,0,0,0,0,0,""},
{2007, -0.866025, -0.500000, -0.,  0.500000,  -0.866025,  0.,  0,  0,  1,  0,  0, -23.5250,0,0,0,0,0,0,""},
{2009, -0.000000, -1.000000, -0.,  1.000000,  -0.000000,  0.,  0,  0,  1,  0,  0, -23.5250,0,0,0,0,0,0,""},
{2011,  0.866025, -0.500000,  0.,  0.500000,   0.866025,  0.,  0,  0,  1,  0,  0, -23.5250,0,0,0,0,0,0,""},
{2008, -0.500000, -0.866025, -0.,  0.866025,  -0.500000,  0.,  0,  0,  1,  0,  0, -23.5250,0,0,0,0,0,0,""},
{2010,  0.500000, -0.866025,  0.,  0.866025,   0.500000,  0.,  0,  0,  1,  0,  0, -23.5250,0,0,0,0,0,0,""},
{2012,  1.000000,  0.000000,  0.,  0.000000,   1.000000,  0.,  0,  0,  1,  0,  0, -23.5250,0,0,0,0,0,0,""},
{3001,  0.923880,  0.382683,  0., -0.382683,   0.923880,  0.,  0,  0,  1,  0,  0, -23.5250,0,0,0,0,0,0,""},
{3003,  0.382684,  0.923879,  0., -0.923879,   0.382684,  0.,  0,  0,  1,  0,  0, -23.5250,0,0,0,0,0,0,""},
{3005, -0.382684,  0.923879,  0., -0.923879,  -0.382684, -0.,  0,  0,  1,  0,  0, -23.5250,0,0,0,0,0,0,""},
{3007, -0.923880,  0.382683,  0., -0.382683,  -0.923880, -0.,  0,  0,  1,  0,  0, -23.5250,0,0,0,0,0,0,""},
{3002,  0.707107,  0.707107,  0., -0.707107,   0.707107,  0.,  0,  0,  1,  0,  0, -23.5250,0,0,0,0,0,0,""},
{3004,  0.000000,  1.000000,  0., -1.000000,   0.000000,  0.,  0,  0,  1,  0,  0, -23.5250,0,0,0,0,0,0,""},
{3006, -0.707107,  0.707107,  0., -0.707107,  -0.707107, -0.,  0,  0,  1,  0,  0, -23.5250,0,0,0,0,0,0,""},
{3008, -1.000000,  0.000000,  0., -0.000000,  -1.000000, -0.,  0,  0,  1,  0,  0, -23.5250,0,0,0,0,0,0,""},
{3009, -0.923880, -0.382683, -0.,  0.382683,  -0.923880,  0.,  0,  0,  1,  0,  0, -23.5250,0,0,0,0,0,0,""},
{3011, -0.382683, -0.923880, -0.,  0.923880,  -0.382683,  0.,  0,  0,  1,  0,  0, -23.5250,0,0,0,0,0,0,""},
{3013,  0.382683, -0.923880,  0.,  0.923880,   0.382683,  0.,  0,  0,  1,  0,  0, -23.5250,0,0,0,0,0,0,""},
{3015,  0.923880, -0.382683,  0.,  0.382683,   0.923880,  0.,  0,  0,  1,  0,  0, -23.5250,0,0,0,0,0,0,""},
{3010, -0.707107, -0.707107, -0.,  0.707107,  -0.707107,  0.,  0,  0,  1,  0,  0, -23.5250,0,0,0,0,0,0,""},
{3012, -0.000000, -1.000000, -0.,  1.000000,  -0.000000,  0.,  0,  0,  1,  0,  0, -23.5250,0,0,0,0,0,0,""},
{3014,  0.707107, -0.707107,  0.,  0.707107,   0.707107,  0.,  0,  0,  1,  0,  0, -23.5250,0,0,0,0,0,0,""},
{3016,  1.000000,  0.000000,  0.,  0.000000,   1.000000,  0.,  0,  0,  1,  0,  0, -23.5250,0,0,0,0,0,0,""},
  };
  Int_t n = 36;
  St_Survey *tableSet = new St_Survey("LadderOnShell",n);
  for (Int_t i = 0; i < n; i++) {
    tableSet->AddAt(&row[i].Id, i);
  }
  return (TDataSet *)tableSet;
}
