TDataSet *CreateTable() {
  if (!gROOT->GetClass("St_Survey")) return 0;
  Survey_st row[36] = {
    {1001, 0.70271, 0.71147,-0.00096,-0.71147, 0.70271,-0.00018, 0.00054, 0.00080, 1.00000, -0.0211,  0.0155,-23.5289,0.0,0.0,0.0,0.0,0.0,0.0,"Pass126 021F"},
    {1003,-0.70971, 0.70450, 0.00113,-0.70452,-0.70968,-0.00171,-0.00040,-0.00201, 1.00000,  0.0092,  0.0499,-23.4981,0.0,0.0,0.0,0.0,0.0,0.0,"Pass126 021F"},
    {1002,-0.00932, 0.99996,-0.00011,-0.99996,-0.00932,-0.00035,-0.00035, 0.00011, 1.00000, -0.0047,  0.0528,-23.5225,0.0,0.0,0.0,0.0,0.0,0.0,"Pass126 021F"},
    {1004,-1.00000,-0.00138, 0.00070, 0.00138,-1.00000,-0.00092, 0.00070,-0.00092, 1.00000, -0.0136,  0.0708,-23.5152,0.0,0.0,0.0,0.0,0.0,0.0,"Pass126 021F"},
    {1005,-0.70696,-0.70725, 0.00128, 0.70725,-0.70696, 0.00044, 0.00061, 0.00120, 1.00000, -0.0306,  0.0383,-23.5045,0.0,0.0,0.0,0.0,0.0,0.0,"Pass126 021F"},
    {1007, 0.70488,-0.70933, 0.00133, 0.70933, 0.70488,-0.00030,-0.00072, 0.00115, 1.00000, -0.0083,  0.0165,-23.5475,0.0,0.0,0.0,0.0,0.0,0.0,"Pass126 021F"},
    {1006, 0.00023,-1.00000, 0.00124, 1.00000, 0.00023,-0.00011, 0.00011, 0.00124, 1.00000, -0.0249,  0.0133,-23.5244,0.0,0.0,0.0,0.0,0.0,0.0,"Pass126 021F"},
    {1008, 1.00000, 0.00091,-0.00070,-0.00091, 0.99999,-0.00478, 0.00070, 0.00479, 0.99999, -0.0179,  0.0775,-23.5246,0.0,0.0,0.0,0.0,0.0,0.0,"Pass126 021F"},
    {2001, 0.86504, 0.50172,-0.00127,-0.50172, 0.86504,-0.00116, 0.00052, 0.00165, 1.00000, -0.0016,  0.0215,-23.5585,0.0,0.0,0.0,0.0,0.0,0.0,"Pass126 021F"},
    {2003,-0.00347, 1.00000,-0.00026,-1.00000,-0.00347,-0.00048,-0.00048, 0.00026, 1.00000, -0.0008,  0.0544,-23.5139,0.0,0.0,0.0,0.0,0.0,0.0,"Pass126 021F"},
    {2005,-0.86461, 0.50243, 0.00142,-0.50243,-0.86461, 0.00017, 0.00132,-0.00056, 1.00000, -0.0593,  0.0177,-23.5236,0.0,0.0,0.0,0.0,0.0,0.0,"Pass126 021F"},
    {2002, 0.50241, 0.86462,-0.00105,-0.86462, 0.50242,-0.00030, 0.00027, 0.00106, 1.00000, -0.0003, -0.0193,-23.5297,0.0,0.0,0.0,0.0,0.0,0.0,"Pass126 021F"},
    {2004,-0.49602, 0.86833, 0.00036,-0.86833,-0.49602,-0.00100,-0.00068,-0.00081, 1.00000, -0.0319,  0.0466,-23.4987,0.0,0.0,0.0,0.0,0.0,0.0,"Pass126 021F"},
    {2006,-1.00000, 0.00338,-0.00060,-0.00338,-1.00000,-0.00065,-0.00060,-0.00065, 1.00000, -0.0077,  0.0515,-23.5335,0.0,0.0,0.0,0.0,0.0,0.0,"Pass126 021F"},
    {2007,-0.86637,-0.49940, 0.00181, 0.49940,-0.86637, 0.00005, 0.00155, 0.00096, 1.00000, -0.0355,  0.0310,-23.4854,0.0,0.0,0.0,0.0,0.0,0.0,"Pass126 021F"},
    {2009,-0.00245,-1.00000, 0.00097, 0.99999,-0.00245,-0.00225, 0.00226, 0.00096, 1.00000,  0.0142,  0.0707,-23.5225,0.0,0.0,0.0,0.0,0.0,0.0,"Pass126 021F"},
    {2011, 0.87075,-0.49169, 0.00288, 0.49169, 0.87075, 0.00130,-0.00313, 0.00027, 1.00000, -0.0706, -0.0964,-23.5419,0.0,0.0,0.0,0.0,0.0,0.0,"Pass126 021F"},
    {2008,-0.49873,-0.86675, 0.00632, 0.86677,-0.49874, 0.00004, 0.00312, 0.00550, 0.99998, -0.1729,  0.0141,-23.4819,0.0,0.0,0.0,0.0,0.0,0.0,"Pass126 021F"},
    {2010, 0.50177,-0.86499,-0.00038, 0.86499, 0.50177,-0.00122, 0.00126, 0.00028, 1.00000,  0.0612,  0.0162,-23.5268,0.0,0.0,0.0,0.0,0.0,0.0,"Pass126 021F"},
    {2012, 0.99999, 0.00442,-0.00091,-0.00442, 0.99999,-0.00004, 0.00091, 0.00004, 1.00000,  0.0144, -0.0040,-23.5497,0.0,0.0,0.0,0.0,0.0,0.0,"Pass126 021F"},
    {3001, 0.92344, 0.38374,-0.00099,-0.38374, 0.92344,-0.00015, 0.00085, 0.00052, 1.00000,  0.0209, -0.0093,-23.5476,0.0,0.0,0.0,0.0,0.0,0.0,"Pass126 021F"},
    {3003, 0.38679, 0.92218, 0.00079,-0.92217, 0.38678,-0.00419,-0.00417, 0.00089, 0.99999, -0.0277,  0.0323,-23.5424,0.0,0.0,0.0,0.0,0.0,0.0,"Pass126 021F"},
    {3005,-0.38052, 0.92478, 0.00005,-0.92478,-0.38052,-0.00182,-0.00166,-0.00073, 1.00000, -0.0170,  0.0514,-23.5026,0.0,0.0,0.0,0.0,0.0,0.0,"Pass126 021F"},
    {3007,-0.91702, 0.39886,-0.00039,-0.39886,-0.91701, 0.00125, 0.00014, 0.00130, 1.00000, -0.0871, -0.0113,-23.5552,0.0,0.0,0.0,0.0,0.0,0.0,"Pass126 021F"},
    {3002, 0.70416, 0.71001,-0.00187,-0.71002, 0.70417,-0.00102, 0.00060, 0.00205, 1.00000,  0.0052,  0.0304,-23.5550,0.0,0.0,0.0,0.0,0.0,0.0,"Pass126 021F"},
    {3004, 0.00069, 1.00000, 0.00030,-1.00000, 0.00069,-0.00046,-0.00046,-0.00030, 1.00000,  0.0010, -0.0167,-23.5103,0.0,0.0,0.0,0.0,0.0,0.0,"Pass126 021F"},
    {3006,-0.70827, 0.70595, 0.00118,-0.70594,-0.70827,-0.00019, 0.00068,-0.00098, 1.00000, -0.0612,  0.0246,-23.4992,0.0,0.0,0.0,0.0,0.0,0.0,"Pass126 021F"},
    {3008,-0.99997, 0.00631, 0.00212,-0.00631,-0.99998,-0.00140, 0.00211,-0.00142, 1.00000, -0.1419,  0.0493,-23.5161,0.0,0.0,0.0,0.0,0.0,0.0,"Pass126 021F"},
    {3009,-0.92670,-0.37580, 0.00212, 0.37580,-0.92670, 0.00024, 0.00187, 0.00103, 0.99999, -0.1389,  0.0834,-23.4897,0.0,0.0,0.0,0.0,0.0,0.0,"Pass126 021F"},
    {3011,-0.38048,-0.92479, 0.00153, 0.92479,-0.38048,-0.00128, 0.00177, 0.00092, 1.00000,  0.0025, -0.0118,-23.4962,0.0,0.0,0.0,0.0,0.0,0.0,"Pass126 021F"},
    {3013, 0.38467,-0.92305,-0.00091, 0.92305, 0.38467,-0.00065, 0.00095,-0.00058, 1.00000,  0.0357, -0.0024,-23.5149,0.0,0.0,0.0,0.0,0.0,0.0,"Pass126 021F"},
    {3015, 0.92388,-0.38268, 0.00000, 0.38268, 0.92388, 0.00000, 0.00000, 0.00000, 1.00000,  0.0000,  0.0000,-23.5250,0.0,0.0,0.0,0.0,0.0,0.0,"Pass126 021F"},
    {3010,-0.70699,-0.70721, 0.00005, 0.70721,-0.70700, 0.00085,-0.00056, 0.00065, 1.00000, -0.0136,  0.0311,-23.4721,0.0,0.0,0.0,0.0,0.0,0.0,"Pass126 021F"},
    {3012, 0.00270,-1.00000, 0.00078, 0.99999, 0.00270, 0.00019,-0.00019, 0.00077, 0.99999,  0.0155,  0.0036,-23.5157,0.0,0.0,0.0,0.0,0.0,0.0,"Pass126 021F"},
    {3014, 0.70492,-0.70930,-0.00273, 0.70927, 0.70492,-0.00253, 0.00372,-0.00015, 1.00000,  0.1393,  0.0997,-23.5431,0.0,0.0,0.0,0.0,0.0,0.0,"Pass126 021F"},
    {3016, 1.00000, 0.00313,-0.00005,-0.00313, 1.00000,-0.00110, 0.00005, 0.00110, 1.00000, -0.0379,  0.0218,-23.5721,0.0,0.0,0.0,0.0,0.0,0.0,"Pass126 021F"}
  };
  St_Survey *tableSet = new St_Survey("LadderOnShell",36);
  for (Int_t i = 0; i < 36; i++) tableSet->AddAt(&row[i].Id, i);
  return (TDataSet *)tableSet;
}
