TDataSet *CreateTable() {
  if (!gROOT->GetClass("St_Survey")) return 0;
  Survey_st row[36] = {
    {1001, 0.70859, 0.70561,-0.00084,-0.70561, 0.70858, 0.00118, 0.00143,-0.00027, 1.00000,  0.0375, -0.0790,-23.5181,0.0,0.0,0.0,0.0,0.0,0.0,"Pass217 RFR"},
    {1003,-0.70811, 0.70611,-0.00189,-0.70610,-0.70814,-0.00353,-0.00381,-0.00117, 1.00001,  0.0862,  0.1003,-23.5146,0.0,0.0,0.0,0.0,0.0,0.0,"Pass217 RFR"},
    {1002,-0.00116, 1.00001,-0.00067,-1.00000,-0.00117,-0.00142,-0.00143, 0.00066, 1.00000,  0.0079,  0.0624,-23.5200,0.0,0.0,0.0,0.0,0.0,0.0,"Pass217 RFR"},
    {1004,-1.00001, 0.00083,-0.00123,-0.00084,-1.00000,-0.00052,-0.00123,-0.00051, 1.00000, -0.0069,  0.0663,-23.5124,0.0,0.0,0.0,0.0,0.0,0.0,"Pass217 RFR"},
    {1005,-0.70855,-0.70565, 0.00164, 0.70565,-0.70855,-0.00046, 0.00148, 0.00082, 1.00000, -0.0721,  0.0469,-23.5226,0.0,0.0,0.0,0.0,0.0,0.0,"Pass217 RFR"},
    {1007, 0.70395,-0.71028, 0.00144, 0.71027, 0.70394,-0.00193, 0.00036, 0.00239, 1.00000, -0.0664,  0.0247,-23.5458,0.0,0.0,0.0,0.0,0.0,0.0,"Pass217 RFR"},
    {1006, 0.00056,-1.00000, 0.00135, 1.00000, 0.00055,-0.00106, 0.00106, 0.00137, 1.00000, -0.0410,  0.0077,-23.5454,0.0,0.0,0.0,0.0,0.0,0.0,"Pass217 RFR"},
    {1008, 0.99999,-0.00500, 0.00156, 0.00500, 1.00000, 0.00090,-0.00155,-0.00088, 1.00000, -0.0092, -0.0735,-23.5254,0.0,0.0,0.0,0.0,0.0,0.0,"Pass217 RFR"},
    {2001, 0.86691, 0.49849, 0.00128,-0.49847, 0.86691,-0.00176,-0.00197, 0.00089, 1.00000, -0.0289,  0.0227,-23.5364,0.0,0.0,0.0,0.0,0.0,0.0,"Pass217 RFR"},
    {2003,-0.00078, 1.00000, 0.00030,-1.00000,-0.00081, 0.00009, 0.00010,-0.00030, 1.00000,  0.0086,  0.0291,-23.5191,0.0,0.0,0.0,0.0,0.0,0.0,"Pass217 RFR"},
    {2005,-0.86608, 0.49989,-0.00286,-0.49988,-0.86610,-0.00029,-0.00261, 0.00114, 0.99999,  0.1262,  0.0493,-23.5301,0.0,0.0,0.0,0.0,0.0,0.0,"Pass217 RFR"},
    {2002, 0.49883, 0.86668,-0.00012,-0.86667, 0.49883,-0.00071,-0.00060, 0.00044, 1.00000,  0.0111, -0.0214,-23.5184,0.0,0.0,0.0,0.0,0.0,0.0,"Pass217 RFR"},
    {2004,-0.50033, 0.86585, 0.00072,-0.86584,-0.50032,-0.00013, 0.00022,-0.00066, 1.00000, -0.0015,  0.0546,-23.5060,0.0,0.0,0.0,0.0,0.0,0.0,"Pass217 RFR"},
    {2006,-0.99997, 0.00544, 0.00075,-0.00542,-0.99998, 0.00051, 0.00077, 0.00049, 1.00000,  0.0052,  0.0080,-23.5414,0.0,0.0,0.0,0.0,0.0,0.0,"Pass217 RFR"},
    {2007,-0.86772,-0.49698,-0.00034, 0.49698,-0.86771,-0.00014,-0.00022,-0.00024, 1.00000,  0.0311,  0.0021,-23.4961,0.0,0.0,0.0,0.0,0.0,0.0,"Pass217 RFR"},
    {2009,-0.00022,-1.00000, 0.00075, 1.00000,-0.00025,-0.00361, 0.00361, 0.00073, 1.00000, -0.0066,  0.1101,-23.5383,0.0,0.0,0.0,0.0,0.0,0.0,"Pass217 RFR"},
    {2011, 0.85907,-0.51184,-0.00349, 0.51182, 0.85908,-0.00326, 0.00468, 0.00103, 0.99999,  0.5585,  0.3303,-23.5390,0.0,0.0,0.0,0.0,0.0,0.0,"Pass217 RFR"},
    {2008,-0.50167,-0.86508, 0.00137, 0.86507,-0.50166,-0.00107, 0.00160, 0.00063, 1.00000, -0.0189,  0.0236,-23.4982,0.0,0.0,0.0,0.0,0.0,0.0,"Pass217 RFR"},
    {2010, 0.49837,-0.86697, 0.00186, 0.86697, 0.49836,-0.00289, 0.00158, 0.00307, 0.99999,  0.0265,  0.0806,-23.5554,0.0,0.0,0.0,0.0,0.0,0.0,"Pass217 RFR"},
    {2012, 0.99999,-0.00241,-0.00020, 0.00239, 0.99998,-0.00116, 0.00021, 0.00115, 1.00000, -0.0094,  0.0306,-23.5483,0.0,0.0,0.0,0.0,0.0,0.0,"Pass217 RFR"},
    {3001, 0.92425, 0.38171, 0.00389,-0.38170, 0.92428,-0.00141,-0.00408,-0.00015, 1.00000, -0.0774,  0.0290,-23.5408,0.0,0.0,0.0,0.0,0.0,0.0,"Pass217 RFR"},
    {3003, 0.38828, 0.92152, 0.00017,-0.92153, 0.38828,-0.00240,-0.00223, 0.00081, 1.00000,  0.0416, -0.0548,-23.5408,0.0,0.0,0.0,0.0,0.0,0.0,"Pass217 RFR"},
    {3005,-0.37914, 0.92532, 0.00002,-0.92532,-0.37914, 0.00022, 0.00024, 0.00009, 1.00000,  0.0071,  0.0002,-23.5078,0.0,0.0,0.0,0.0,0.0,0.0,"Pass217 RFR"},
    {3007,-0.92285, 0.38512, 0.00029,-0.38513,-0.92286, 0.00082, 0.00061, 0.00058, 1.00001,  0.1512,  0.0723,-23.5398,0.0,0.0,0.0,0.0,0.0,0.0,"Pass217 RFR"},
    {3002, 0.70525, 0.70899,-0.00174,-0.70899, 0.70524,-0.00068, 0.00073, 0.00171, 1.00000, -0.0176,  0.0611,-23.5591,0.0,0.0,0.0,0.0,0.0,0.0,"Pass217 RFR"},
    {3004, 0.00111, 1.00000,-0.00040,-1.00000, 0.00111,-0.00029,-0.00029, 0.00039, 1.00000,  0.0386,  0.0321,-23.5133,0.0,0.0,0.0,0.0,0.0,0.0,"Pass217 RFR"},
    {3006,-0.70378, 0.71042,-0.00014,-0.71041,-0.70377,-0.00092,-0.00072,-0.00052, 1.00000, -0.0621, -0.0331,-23.5217,0.0,0.0,0.0,0.0,0.0,0.0,"Pass217 RFR"},
    {3008,-1.00000, 0.00225, 0.00104,-0.00228,-1.00000,-0.00051, 0.00104,-0.00051, 0.99999,  0.0471,  0.0032,-23.5263,0.0,0.0,0.0,0.0,0.0,0.0,"Pass217 RFR"},
    {3009,-0.92483,-0.38042,-0.00113, 0.38045,-0.92482, 0.00087,-0.00136, 0.00033, 1.00001,  0.1581, -0.0469,-23.5028,0.0,0.0,0.0,0.0,0.0,0.0,"Pass217 RFR"},
    {3011,-0.38008,-0.92495, 0.00129, 0.92493,-0.38009,-0.00288, 0.00317, 0.00009, 0.99999, -0.0015,  0.0271,-23.4866,0.0,0.0,0.0,0.0,0.0,0.0,"Pass217 RFR"},
    {3013, 0.37964,-0.92515,-0.00047, 0.92515, 0.37963,-0.00051, 0.00064,-0.00024, 1.00001,  0.0471,  0.1015,-23.5219,0.0,0.0,0.0,0.0,0.0,0.0,"Pass217 RFR"},
    {3015, 0.92187,-0.38747,-0.00393, 0.38744, 0.92187,-0.00177, 0.00433, 0.00012, 0.99998,  0.0417,  0.0225,-23.5453,0.0,0.0,0.0,0.0,0.0,0.0,"Pass217 RFR"},
    {3010,-0.71042,-0.70378, 0.00102, 0.70379,-0.71043,-0.00174, 0.00195,-0.00053, 1.00000, -0.0883,  0.1179,-23.4826,0.0,0.0,0.0,0.0,0.0,0.0,"Pass217 RFR"},
    {3012,-0.00448,-0.99999, 0.00089, 1.00000,-0.00446,-0.00064, 0.00065, 0.00089, 1.00000, -0.0105,  0.1162,-23.5304,0.0,0.0,0.0,0.0,0.0,0.0,"Pass217 RFR"},
    {3014, 0.70363,-0.71052,-0.00019, 0.71054, 0.70363,-0.00147, 0.00116, 0.00089, 1.00000,  0.1297,  0.1576,-23.5467,0.0,0.0,0.0,0.0,0.0,0.0,"Pass217 RFR"},
    {3016, 0.99997,-0.00331, 0.00529, 0.00334, 1.00000, 0.00075,-0.00530,-0.00076, 0.99998, -0.3236, -0.0346,-23.5269,0.0,0.0,0.0,0.0,0.0,0.0,"Pass217 RFR"}
  };
  St_Survey *tableSet = new St_Survey("LadderOnShell",36);
  for (Int_t i = 0; i < 36; i++) tableSet->AddAt(&row[i].Id, i);
  return (TDataSet *)tableSet;
}
