TDataSet *CreateTable() {
  if (!gROOT->GetClass("St_Survey")) return 0;
  Survey_st row[36] = {
    {1001, 0.70568, 0.70853,-0.00061,-0.70853, 0.70568,-0.00049, 0.00008, 0.00078, 1.00000, -0.0064,  0.0142,-23.5249,0.0,0.0,0.0,0.0,0.0,0.0,"Pass49N"},
    {1003,-0.70692, 0.70729,-0.00012,-0.70729,-0.70690,-0.00447,-0.00325,-0.00307, 0.99999,  0.0034,  0.0647,-23.4908,0.0,0.0,0.0,0.0,0.0,0.0,"Pass49N"},
    {1002,-0.00204, 1.00000,-0.00060,-1.00000,-0.00204,-0.00065,-0.00065, 0.00060, 1.00000, -0.0006,  0.0275,-23.5203,0.0,0.0,0.0,0.0,0.0,0.0,"Pass49N"},
    {1004,-1.00000,-0.00104, 0.00003, 0.00104,-1.00000,-0.00097, 0.00003,-0.00097, 1.00000,  0.0045,  0.0441,-23.5135,0.0,0.0,0.0,0.0,0.0,0.0,"Pass49N"},
    {1005,-0.71264,-0.70153,-0.00049, 0.70153,-0.71264,-0.00094, 0.00031,-0.00102, 1.00000, -0.0161,  0.0785,-23.5046,0.0,0.0,0.0,0.0,0.0,0.0,"Pass49N"},
    {1007, 0.70687,-0.70735, 0.00010, 0.70735, 0.70687,-0.00006,-0.00002, 0.00011, 1.00000,  0.0025, -0.0005,-23.5485,0.0,0.0,0.0,0.0,0.0,0.0,"Pass49N"},
    {1006, 0.00289,-1.00000, 0.00102, 1.00000, 0.00289,-0.00018, 0.00018, 0.00102, 1.00000, -0.0385, -0.0164,-23.5336,0.0,0.0,0.0,0.0,0.0,0.0,"Pass49N"},
    {1008, 0.99998, 0.00543,-0.00152,-0.00543, 0.99998,-0.00236, 0.00151, 0.00237, 1.00000,  0.0100,  0.0298,-23.5252,0.0,0.0,0.0,0.0,0.0,0.0,"Pass49N"},
    {2001, 0.86548, 0.50095,-0.00081,-0.50095, 0.86548,-0.00125, 0.00008, 0.00149, 1.00000,  0.0013,  0.0203,-23.5525,0.0,0.0,0.0,0.0,0.0,0.0,"Pass49N"},
    {2003,-0.00068, 1.00000,-0.00000,-1.00000,-0.00068,-0.00006,-0.00006, 0.00000, 1.00000, -0.0128,  0.0134,-23.5124,0.0,0.0,0.0,0.0,0.0,0.0,"Pass49N"},
    {2005,-0.86532, 0.50120,-0.00055,-0.50120,-0.86532, 0.00093,-0.00001, 0.00108, 1.00000, -0.0207,  0.0045,-23.5399,0.0,0.0,0.0,0.0,0.0,0.0,"Pass49N"},
    {2002, 0.49881, 0.86671,-0.00112,-0.86671, 0.49881,-0.00072,-0.00006, 0.00132, 1.00000, -0.0149,  0.0037,-23.5355,0.0,0.0,0.0,0.0,0.0,0.0,"Pass49N"},
    {2004,-0.50079, 0.86557, 0.00117,-0.86557,-0.50079,-0.00078,-0.00009,-0.00141, 1.00000, -0.0521,  0.0362,-23.4944,0.0,0.0,0.0,0.0,0.0,0.0,"Pass49N"},
    {2006,-1.00000,-0.00007, 0.00185, 0.00007,-1.00000,-0.00033, 0.00185,-0.00033, 1.00000, -0.0656,  0.0422,-23.5308,0.0,0.0,0.0,0.0,0.0,0.0,"Pass49N"},
    {2007,-0.86697,-0.49836, 0.00040, 0.49836,-0.86697, 0.00026, 0.00022, 0.00043, 1.00000, -0.0141,  0.0192,-23.5005,0.0,0.0,0.0,0.0,0.0,0.0,"Pass49N"},
    {2009,-0.00417,-0.99999, 0.00176, 0.99999,-0.00417,-0.00038, 0.00039, 0.00176, 1.00000, -0.0199,  0.0484,-23.5457,0.0,0.0,0.0,0.0,0.0,0.0,"Pass49N"},
    {2011, 0.86504,-0.50169, 0.00003, 0.50169, 0.86504,-0.00012, 0.00004, 0.00011, 1.00000,  0.0266, -0.0047,-23.5562,0.0,0.0,0.0,0.0,0.0,0.0,"Pass49N"},
    {2008,-0.49844,-0.86693, 0.00114, 0.86693,-0.49844,-0.00166, 0.00201, 0.00016, 1.00000, -0.0202,  0.0279,-23.3021,0.0,0.0,0.0,0.0,0.0,0.0,"Pass49N"},
    {2010, 0.50255,-0.86455,-0.00022, 0.86455, 0.50255, 0.00014, 0.00000,-0.00026, 1.00000,  0.0273, -0.0275,-23.5318,0.0,0.0,0.0,0.0,0.0,0.0,"Pass49N"},
    {2012, 1.00000, 0.00149,-0.00018,-0.00149, 1.00000,-0.00041, 0.00018, 0.00041, 1.00000, -0.0218,  0.0080,-23.5583,0.0,0.0,0.0,0.0,0.0,0.0,"Pass49N"},
    {3001, 0.92420, 0.38190,-0.00024,-0.38190, 0.92420,-0.00045, 0.00005, 0.00051, 1.00000,  0.0145, -0.0002,-23.5447,0.0,0.0,0.0,0.0,0.0,0.0,"Pass49N"},
    {3003, 0.38340, 0.92359,-0.00067,-0.92359, 0.38340,-0.00039,-0.00010, 0.00077, 1.00000, -0.0176, -0.0093,-23.5467,0.0,0.0,0.0,0.0,0.0,0.0,"Pass49N"},
    {3005,-0.38020, 0.92491, 0.00053,-0.92491,-0.38020,-0.00009, 0.00012,-0.00051, 1.00000, -0.0504, -0.0198,-23.5089,0.0,0.0,0.0,0.0,0.0,0.0,"Pass49N"},
    {3007,-0.92464, 0.38084,-0.00018,-0.38084,-0.92464,-0.00055,-0.00038,-0.00044, 1.00000, -0.0078,  0.0534,-23.5406,0.0,0.0,0.0,0.0,0.0,0.0,"Pass49N"},
    {3002, 0.70441, 0.70979,-0.00124,-0.70979, 0.70441,-0.00136,-0.00009, 0.00184, 1.00000, -0.0200,  0.0589,-23.5513,0.0,0.0,0.0,0.0,0.0,0.0,"Pass49N"},
    {3004, 0.00237, 1.00000, 0.00082,-1.00000, 0.00237, 0.00002, 0.00002,-0.00082, 1.00000, -0.0158, -0.0276,-23.5022,0.0,0.0,0.0,0.0,0.0,0.0,"Pass49N"},
    {3006,-0.70369, 0.71051,-0.00006,-0.71051,-0.70369,-0.00018,-0.00018,-0.00009, 1.00000, -0.0838, -0.0170,-23.5186,0.0,0.0,0.0,0.0,0.0,0.0,"Pass49N"},
    {3008,-1.00000,-0.00013, 0.00012, 0.00013,-1.00000,-0.00163, 0.00012,-0.00163, 1.00000, -0.0176,  0.0630,-23.5195,0.0,0.0,0.0,0.0,0.0,0.0,"Pass49N"},
    {3009,-0.92578,-0.37804, 0.00353, 0.37804,-0.92579,-0.00153, 0.00384,-0.00008, 0.99999, -0.1829,  0.1254,-23.4984,0.0,0.0,0.0,0.0,0.0,0.0,"Pass49N"},
    {3011,-0.37414,-0.92737, 0.00068, 0.92737,-0.37414, 0.00020, 0.00007, 0.00070, 1.00000,  0.0229, -0.1183,-23.4951,0.0,0.0,0.0,0.0,0.0,0.0,"Pass49N"},
    {3013, 0.38494,-0.92294,-0.00095, 0.92294, 0.38494,-0.00172, 0.00195,-0.00021, 1.00000,  0.0112,  0.0178,-23.5311,0.0,0.0,0.0,0.0,0.0,0.0,"Pass49N"},
    {3015, 0.92388,-0.38268, 0.00000, 0.38268, 0.92388, 0.00000, 0.00000, 0.00000, 1.00000,  0.0000,  0.0000,-23.5250,0.0,0.0,0.0,0.0,0.0,0.0,"Pass49N"},
    {3010,-0.71473,-0.69939, 0.00046, 0.69939,-0.71473,-0.00017, 0.00045, 0.00021, 1.00000, -0.1234,  0.1256,-23.4800,0.0,0.0,0.0,0.0,0.0,0.0,"Pass49N"},
    {3012,-0.00063,-1.00000, 0.00019, 0.99999,-0.00063,-0.00405, 0.00405, 0.00018, 0.99999,  0.0117,  0.1129,-23.5320,0.0,0.0,0.0,0.0,0.0,0.0,"Pass49N"},
    {3014, 0.70207,-0.71211,-0.00130, 0.71211, 0.70207, 0.00098, 0.00021,-0.00161, 1.00000,  0.1228,  0.0402,-23.5457,0.0,0.0,0.0,0.0,0.0,0.0,"Pass49N"},
    {3016, 1.00000, 0.00274,-0.00006,-0.00274, 1.00000,-0.00113, 0.00006, 0.00113, 1.00000, -0.0467,  0.0223,-23.5699,0.0,0.0,0.0,0.0,0.0,0.0,"Pass49N"}
  };
  St_Survey *tableSet = new St_Survey("LadderOnShell",36);
  for (Int_t i = 0; i < 36; i++) tableSet->AddAt(&row[i].Id, i);
  return (TDataSet *)tableSet;
}
