/////////////////////////////////////////////////////////
// This file was generated by MakeGmtOnModule.C macros //
/////////////////////////////////////////////////////////

TDataSet *CreateTable() {
  if (!gROOT->GetClass("St_Survey")) return 0;
  Survey_st row[8] = {
    {0,1.0000,-0.0089,-0.0041,0.0089,1.0000,0.0038,0.0041,-0.0039,1.0000,-0.1329,-5.0360,-0.0710,0.0004,0.0010,0.0009,0.0051,0.0011,0.0036,""},
    {1,0.9999,0.0067,-0.0154,-0.0067,1.0000,0.0022,0.0154,-0.0021,0.9999,0.0286,-5.0587,-0.1892,0.0003,0.0013,0.0014,0.0037,0.0021,0.0018,""},
    {2,1.0000,-0.0032,0.0003,-0.0032,-1.0000,0.0005,0.0003,-0.0004,-1.0000,-0.1442,4.8446,-0.2043,0.0003,0.0009,0.0009,0.0043,0.0010,0.0026,""},
    {3,1.0000,0.0047,-0.0098,0.0047,-1.0000,-0.0016,-0.0099,0.0015,-1.0000,-0.0037,4.8077,-0.2756,0.0003,0.0013,0.0012,0.0034,0.0012,0.0013,""},
    {4,1.0000,0.0051,-0.0030,-0.0051,1.0000,0.0016,0.0030,-0.0015,1.0000,-0.2385,-5.2747,-0.4397,0.0004,0.0011,0.0011,0.0058,0.0013,0.0036,""},
    {5,0.9998,0.0107,-0.0129,-0.0107,0.9999,-0.0001,0.0129,0.0003,0.9999,-0.2755,-5.3099,-0.5536,0.0003,0.0014,0.0014,0.0045,0.0011,0.0017,""},
    {6,1.0000,0.0000,0.0000,0.0000,-1.0000,0.0000,0.0000,0.0000,-1.0000,0.0000,0.0000,0.0000,-0.0100,-0.0100,-0.0100,-0.0010,-0.0010,-0.0010,""},
    {7,0.9999,-0.0122,-0.0127,-0.0121,-0.9999,-0.0007,-0.0126,0.0008,-0.9999,-0.2584,4.6969,-0.8955,0.0003,0.0015,0.0015,0.0039,0.0010,0.0019,""}
  };
  Int_t noModules = 8;
  St_Survey *tableSet = new St_Survey("GmtOnModule",noModules);
  for (Int_t i = 0; i < noModules; i++) tableSet->AddAt(&row[i].Id, i);
  return (TDataSet *)tableSet;
}
