/////////////////////////////////////////////////////////
// This file was generated by MakeGmtOnModule.C macros //
/////////////////////////////////////////////////////////

TDataSet *CreateTable() {
  if (!gROOT->GetClass("St_Survey")) return 0;
  Survey_st row[8] = {
    {0,0.9999,0.0020,-0.0118,-0.0019,1.0000,0.0003,0.0118,-0.0003,0.9999,-0.0049,-5.0222,-0.2148,0.0008,0.0028,0.0022,0.0147,0.0039,0.0051,""},
    {1,0.9999,0.0045,0.0098,-0.0045,1.0000,0.0008,-0.0099,-0.0010,1.0000,-0.1444,-5.0036,-0.1681,0.0004,0.0029,0.0023,0.0042,0.0014,0.0016,""},
    {2,0.9998,-0.0211,0.0077,-0.0211,-0.9998,0.0007,0.0078,-0.0007,-1.0000,0.0160,4.8452,-0.0444,0.0007,0.0019,0.0021,0.0102,0.0038,0.0045,""},
    {3,1.0000,0.0075,0.0052,0.0074,-1.0000,-0.0021,0.0051,0.0021,-1.0000,-0.0710,4.8009,-0.0830,0.0004,0.0023,0.0020,0.0038,0.0012,0.0014,""},
    {4,0.9995,-0.0112,0.0306,0.0112,1.0000,-0.0008,-0.0307,0.0013,0.9996,-0.2826,-5.2797,-0.4389,0.0028,0.0072,0.0030,0.0379,0.0071,0.0071,""},
    {5,0.9998,0.0099,0.0123,-0.0100,0.9999,-0.0008,-0.0123,0.0007,0.9999,-0.2631,-5.3003,-0.5523,0.0006,0.0039,0.0032,0.0059,0.0022,0.0019,""},
    {6,1.0000,0.0000,0.0000,0.0000,-1.0000,0.0000,0.0000,0.0000,-1.0000,0.0000,0.0000,0.0000,-0.0100,-0.0100,-0.0100,-0.0010,-0.0010,-0.0010,""},
    {7,0.9998,-0.0108,-0.0143,-0.0108,-0.9998,-0.0007,-0.0142,0.0008,-1.0000,-0.0848,4.7245,-0.7362,0.0005,0.0039,0.0034,0.0055,0.0020,0.0022,""}
  };
  Int_t noModules = 8;
  St_Survey *tableSet = new St_Survey("GmtOnModule",noModules);
  for (Int_t i = 0; i < noModules; i++) tableSet->AddAt(&row[i].Id, i);
  return (TDataSet *)tableSet;
}
