TDataSet *CreateTable() {
  if (!gROOT->GetClass("St_Survey")) return 0;
  Survey_st row[24] = {
    //             -gamma     beta    gamma            -alpha    -beta    alpha                x0       y0       z0
    { 1, 0.99999, 0.00328, 0.00007,-0.00328, 0.99999, 0.00016,-0.00007,-0.00016, 1.00000, -0.0124,  0.0784, -0.0990, 0.00000, 0.00000, 0.00013, 0.00062, 0.00044, 0.00024,"Pass201LSF"},
    { 2, 0.99998,-0.00590, 0.00004, 0.00590, 0.99998, 0.00014,-0.00004,-0.00014, 1.00000,  0.0072,  0.0833, -0.1089, 0.00000, 0.00000, 0.00012, 0.00058, 0.00042, 0.00023,"Pass201LSF"},
    { 3, 0.99999,-0.00530,-0.00000, 0.00530, 0.99999, 0.00013, 0.00000,-0.00013, 1.00000, -0.0039,  0.0788, -0.1030, 0.00000, 0.00000, 0.00012, 0.00057, 0.00041, 0.00023,"Pass201LSF"},
    { 4, 1.00000,-0.00078,-0.00005, 0.00078, 1.00000, 0.00020, 0.00004,-0.00020, 1.00000, -0.0218,  0.0944, -0.0948, 0.00000, 0.00000, 0.00013, 0.00064, 0.00045, 0.00024,"Pass201LSF"},
    { 5, 1.00000, 0.00262,-0.00007,-0.00262, 1.00000, 0.00012, 0.00007,-0.00012, 1.00000, -0.0236,  0.0651, -0.0674, 0.00000, 0.00000, 0.00012, 0.00059, 0.00042, 0.00024,"Pass201LSF"},
    { 6, 0.99997, 0.00748,-0.00008,-0.00748, 0.99997,-0.00017, 0.00008, 0.00017, 1.00000, -0.0228, -0.0110, -0.0947, 0.00000, 0.00000, 0.00012, 0.00059, 0.00042, 0.00023,"Pass201LSF"},
    { 7, 0.99997, 0.00794,-0.00007,-0.00794, 0.99997,-0.00011, 0.00007, 0.00011, 1.00000, -0.0189, -0.0082, -0.0958, 0.00000, 0.00000, 0.00012, 0.00059, 0.00042, 0.00023,"Pass201LSF"},
    { 8, 0.99995, 0.01002,-0.00004,-0.01002, 0.99995,-0.00020, 0.00004, 0.00020, 1.00000, -0.0319, -0.0358, -0.1367, 0.00000, 0.00000, 0.00012, 0.00059, 0.00042, 0.00023,"Pass201LSF"},
    { 9, 0.99996, 0.00944, 0.00000,-0.00944, 0.99996,-0.00021,-0.00000, 0.00021, 1.00000,  0.0459, -0.0396, -0.0878, 0.00000, 0.00000, 0.00012, 0.00059, 0.00042, 0.00023,"Pass201LSF"},
    {10, 0.99998, 0.00646, 0.00004,-0.00646, 0.99998,-0.00009,-0.00004, 0.00009, 1.00000,  0.0471, -0.0117, -0.0936, 0.00000, 0.00000, 0.00012, 0.00061, 0.00043, 0.00023,"Pass201LSF"},
    {11, 1.00000, 0.00168, 0.00007,-0.00168, 1.00000, 0.00001,-0.00007,-0.00001, 1.00000,  0.0460,  0.0207, -0.0841, 0.00000, 0.00000, 0.00012, 0.00060, 0.00042, 0.00023,"Pass201LSF"},
    {12, 1.00000,-0.00040, 0.00008, 0.00040, 1.00000, 0.00003,-0.00008,-0.00003, 1.00000,  0.0517,  0.0363, -0.0790, 0.00000, 0.00000, 0.00012, 0.00060, 0.00043, 0.00023,"Pass201LSF"},
    {13, 1.00000, 0.00221,-0.00008,-0.00221, 1.00000,-0.00008, 0.00008, 0.00008, 1.00000, -0.0240, -0.0501, -0.1058, 0.00000, 0.00000, 0.00013, 0.00059, 0.00042, 0.00023,"Pass201LSF"},
    {14, 0.99998, 0.00569,-0.00005,-0.00569, 0.99998,-0.00035, 0.00005, 0.00035, 1.00000, -0.0002, -0.1349, -0.1001, 0.00000, 0.00000, 0.00013, 0.00059, 0.00042, 0.00023,"Pass201LSF"},
    {15, 1.00000, 0.00181,-0.00000,-0.00181, 1.00000,-0.00029, 0.00000, 0.00029, 1.00000,  0.0175, -0.1332, -0.0907, 0.00000, 0.00000, 0.00013, 0.00059, 0.00042, 0.00023,"Pass201LSF"},
    {16, 1.00000, 0.00115, 0.00005,-0.00115, 1.00000,-0.00011,-0.00005, 0.00011, 1.00000,  0.0290, -0.0961, -0.0862, 0.00000, 0.00000, 0.00013, 0.00059, 0.00042, 0.00023,"Pass201LSF"},
    {17, 1.00000,-0.00221, 0.00008, 0.00221, 1.00000, 0.00003,-0.00008,-0.00003, 1.00000,  0.0340, -0.0508, -0.0876, 0.00000, 0.00000, 0.00013, 0.00059, 0.00042, 0.00023,"Pass201LSF"},
    {18, 0.99999, 0.00355, 0.00009,-0.00355, 0.99999,-0.00005,-0.00009, 0.00005, 1.00000,  0.0285, -0.0590, -0.1132, 0.00000, 0.00000, 0.00013, 0.00059, 0.00041, 0.00023,"Pass201LSF"},
    {19, 0.99999, 0.00353, 0.00008,-0.00353, 0.99999, 0.00001,-0.00008,-0.00001, 1.00000,  0.0462, -0.0285, -0.0912, 0.00000, 0.00000, 0.00013, 0.00058, 0.00041, 0.00023,"Pass201LSF"},
    {20, 0.99999, 0.00449, 0.00005,-0.00449, 0.99999, 0.00008,-0.00005,-0.00008, 1.00000,  0.0404,  0.0035, -0.0920, 0.00000, 0.00000, 0.00013, 0.00059, 0.00042, 0.00023,"Pass201LSF"},
    {21, 1.00000, 0.00195, 0.00000,-0.00195, 1.00000, 0.00012,-0.00000,-0.00012, 1.00000,  0.0155,  0.0267, -0.0970, 0.00000, 0.00000, 0.00013, 0.00057, 0.00041, 0.00022,"Pass201LSF"},
    {22, 0.99999, 0.00515,-0.00005,-0.00515, 0.99999, 0.00000, 0.00005,-0.00000, 1.00000,  0.0116,  0.0035, -0.0917, 0.00000, 0.00000, 0.00013, 0.00058, 0.00041, 0.00023,"Pass201LSF"},
    {23, 0.99999, 0.00453,-0.00008,-0.00453, 0.99999, 0.00008, 0.00008,-0.00008, 1.00000,  0.0051,  0.0065, -0.0988, 0.00000, 0.00000, 0.00013, 0.00059, 0.00042, 0.00023,"Pass201LSF"},
    {24, 0.99999, 0.00479,-0.00009,-0.00479, 0.99999,-0.00009, 0.00009, 0.00009, 1.00000, -0.0073, -0.0380, -0.0908, 0.00000, 0.00000, 0.00013, 0.00059, 0.00042, 0.00023,"Pass201LSF"}
  };
  St_Survey *tableSet = new St_Survey("TpcSuperSectorPositionB",24);
  for (Int_t i = 0; i < 24; i++) tableSet->AddAt(&row[i].Id);
  return (TDataSet *)tableSet;
}
