TDataSet *CreateTable() {
  if (!gROOT->GetClass("St_Survey")) return 0;
  Survey_st row[24] = {
    //             -gamma     beta    gamma            -alpha    -beta    alpha                x0       y0       z0
    { 1, 0.99998,-0.00589,-0.00010, 0.00589, 0.99998,-0.00030, 0.00010, 0.00030, 1.00000,  0.0025,  0.2075,  0.0228, 0.00001, 0.00002, 0.00009, 0.00324, 0.00232, 0.00022,"AuAu200A1305C"},
    { 2, 0.99998,-0.00644,-0.00018, 0.00644, 0.99998,-0.00019, 0.00018, 0.00019, 1.00000,  0.0135,  0.2905,  0.0242, 0.00001, 0.00002, 0.00017, 0.00327, 0.00233, 0.00022,"AuAu200A1305C"},
    { 3, 1.00000,-0.00202,-0.00012, 0.00202, 1.00000,-0.00030, 0.00012, 0.00030, 1.00000, -0.0590,  0.2783,  0.0401, 0.00001, 0.00002, 0.00016, 0.00326, 0.00233, 0.00022,"AuAu200A1305C"},
    { 4, 1.00000,-0.00149,-0.00012, 0.00149, 1.00000,-0.00037, 0.00012, 0.00037, 1.00000, -0.0885,  0.2819,  0.0016, 0.00001, 0.00002, 0.00018, 0.00325, 0.00232, 0.00022,"AuAu200A1305C"},
    { 5, 1.00000, 0.00267, 0.00007,-0.00267, 1.00000,-0.00038,-0.00007, 0.00038, 1.00000, -0.0943,  0.2119,  0.0224, 0.00001, 0.00002, 0.00019, 0.00328, 0.00233, 0.00022,"AuAu200A1305C"},
    { 6, 0.99997, 0.00769, 0.00011,-0.00769, 0.99997,-0.00044,-0.00011, 0.00044, 1.00000, -0.0948,  0.1558,  0.0065, 0.00001, 0.00002, 0.00018, 0.00325, 0.00232, 0.00022,"AuAu200A1305C"},
    { 7, 0.99994, 0.01037, 0.00030,-0.01037, 0.99994,-0.00026,-0.00030, 0.00026, 1.00000, -0.0715,  0.1740,  0.0100, 0.00001, 0.00002, 0.00016, 0.00330, 0.00235, 0.00022,"AuAu200A1305C"},
    { 8, 1.00000, 0.00048, 0.00030,-0.00048, 1.00000,-0.00020,-0.00030, 0.00020, 1.00000,  0.0419,  0.1817,  0.0038, 0.00001, 0.00002, 0.00013, 0.00325, 0.00233, 0.00022,"AuAu200A1305C"},
    { 9, 1.00000,-0.00008, 0.00024, 0.00008, 1.00000,-0.00028,-0.00024, 0.00028, 1.00000,  0.0381,  0.0960,  0.0350, 0.00001, 0.00002, 0.00008, 0.00324, 0.00233, 0.00022,"AuAu200A1305C"},
    {10, 0.99999,-0.00385, 0.00015, 0.00385, 0.99999,-0.00025,-0.00015, 0.00025, 1.00000,  0.0639,  0.1381,  0.0552, 0.00001, 0.00002, 0.00011, 0.00324, 0.00233, 0.00022,"AuAu200A1305C"},
    {11, 0.99999,-0.00440, 0.00016, 0.00440, 0.99999,-0.00032,-0.00016, 0.00032, 1.00000,  0.0472,  0.2048,  0.0391, 0.00001, 0.00002, 0.00014, 0.00328, 0.00234, 0.00022,"AuAu200A1305C"},
    {12, 1.00000,-0.00281,-0.00005, 0.00281, 1.00000,-0.00010, 0.00005, 0.00010, 1.00000, -0.0011,  0.2900,  0.0373, 0.00001, 0.00002, 0.00018, 0.00329, 0.00235, 0.00022,"AuAu200A1305C"},
    {13, 1.00000, 0.00064, 0.00020,-0.00064, 1.00000, 0.00038,-0.00020,-0.00038, 1.00000, -0.0399, -0.2529,  0.0276, 0.00001, 0.00002, 0.00019, 0.00345, 0.00245, 0.00023,"AuAu200A1305C"},
    {14, 1.00000, 0.00092, 0.00023,-0.00092, 1.00000, 0.00035,-0.00023,-0.00035, 1.00000, -0.0237, -0.3454,  0.0224, 0.00001, 0.00002, 0.00016, 0.00340, 0.00241, 0.00022,"AuAu200A1305C"},
    {15, 1.00000,-0.00181, 0.00036, 0.00181, 1.00000, 0.00051,-0.00036,-0.00051, 1.00000, -0.0062, -0.3217,  0.0201, 0.00001, 0.00001, 0.00001, 0.00194, 0.00200, 0.00022,"AuAu200A1305C"},
    {16, 1.00000,-0.00459, 0.00033, 0.00459, 0.99999, 0.00054,-0.00033,-0.00054, 1.00000, -0.0103, -0.3378,  0.0531, 0.00001, 0.00001, 0.00001, 0.00169, 0.00207, 0.00022,"AuAu200A1305C"},
    {17, 0.99999,-0.00481, 0.00011, 0.00481, 0.99999, 0.00048,-0.00011,-0.00048, 1.00000, -0.0139, -0.3132,  0.0290, 0.00001, 0.00002, 0.00021, 0.00376, 0.00261, 0.00023,"AuAu200A1305C"},
    {18, 1.00000,-0.00102,-0.00012, 0.00102, 1.00000, 0.00020, 0.00012,-0.00020, 1.00000,  0.0121, -0.3235,  0.0090, 0.00001, 0.00001, 0.00002, 0.00257, 0.00209, 0.00022,"AuAu200A1305C"},
    {19, 0.99998, 0.00591,-0.00002,-0.00591, 0.99998, 0.00026, 0.00002,-0.00026, 1.00000,  0.0725, -0.2734,  0.0236, 0.00001, 0.00002, 0.00021, 0.00378, 0.00261, 0.00023,"AuAu200A1305C"},
    {20, 0.99992, 0.01241, 0.00014,-0.01241, 0.99992, 0.00009,-0.00014,-0.00009, 1.00000,  0.0917, -0.1528, -0.0118, 0.00001, 0.00002, 0.00019, 0.00345, 0.00244, 0.00023,"AuAu200A1305C"},
    {21, 0.99996, 0.00853,-0.00003,-0.00853, 0.99996,-0.00004, 0.00003, 0.00004, 1.00000,  0.0130, -0.1862,  0.0119, 0.00001, 0.00002, 0.00018, 0.00337, 0.00239, 0.00022,"AuAu200A1305C"},
    {22, 0.99998, 0.00633,-0.00008,-0.00633, 0.99998,-0.00006, 0.00008, 0.00006, 1.00000, -0.0133, -0.2268,  0.0174, 0.00001, 0.00002, 0.00018, 0.00336, 0.00238, 0.00022,"AuAu200A1305C"},
    {23, 0.99998, 0.00733,-0.00003,-0.00733, 0.99998, 0.00005, 0.00003,-0.00005, 1.00000, -0.0251, -0.2390,  0.0226, 0.00001, 0.00002, 0.00019, 0.00338, 0.00239, 0.00022,"AuAu200A1305C"},
    {24, 1.00000, 0.00273, 0.00004,-0.00273, 1.00000, 0.00039,-0.00004,-0.00039, 1.00000, -0.0219, -0.2395,  0.0306, 0.00001, 0.00002, 0.00006, 0.00326, 0.00241, 0.00022,"AuAu200A1305C"}
  };
  St_Survey *tableSet = new St_Survey("TpcSuperSectorPositionB",24);
  for (Int_t i = 0; i < 24; i++) tableSet->AddAt(&row[i].Id);
  return (TDataSet *)tableSet;
}
