TDataSet *CreateTable() {
  if (!gROOT->GetClass("St_Survey")) return 0;
  Survey_st row[24] = {
    //             -gamma     beta    gamma            -alpha    -beta    alpha                x0       y0       z0
    { 1, 0.99998,-0.00355, 0.00103, 0.00355, 0.99998,-0.00027,-0.00104, 0.00027, 1.00000,  0.2958,  0.0586, -0.0618, 0.00000, 0.00000, 0.00013, 0.00062, 0.00044, 0.00022,"Pass206LSF"},
    { 2, 0.99944,-0.03354, 0.00060, 0.03354, 0.99944,-0.00006,-0.00059, 0.00008, 1.00000,  0.2736,  0.1281, -0.0605, 0.00000, 0.00000, 0.00013, 0.00060, 0.00043, 0.00023,"Pass206LSF"},
    { 3, 0.99920,-0.03997,-0.00000, 0.03997, 0.99920, 0.00019, 0.00000,-0.00019, 1.00000,  0.1280,  0.1715, -0.0593, 0.00000, 0.00000, 0.00012, 0.00058, 0.00042, 0.00022,"Pass206LSF"},
    { 4, 0.99976,-0.02199,-0.00066, 0.02199, 0.99976, 0.00082, 0.00056,-0.00084, 1.00000, -0.0287,  0.2545, -0.0464, 0.00000, 0.00000, 0.00014, 0.00066, 0.00046, 0.00024,"Pass206LSF"},
    { 5, 1.00001, 0.00197,-0.00104,-0.00197, 1.00001, 0.00012, 0.00104,-0.00012, 1.00000, -0.1686,  0.1312, -0.0231, 0.00000, 0.00000, 0.00012, 0.00059, 0.00042, 0.00023,"Pass206LSF"},
    { 6, 0.99943, 0.03362,-0.00123,-0.03362, 0.99943,-0.00184, 0.00118, 0.00188, 1.00000, -0.1840, -0.1971, -0.0495, 0.00000, 0.00000, 0.00012, 0.00058, 0.00042, 0.00022,"Pass206LSF"},
    { 7, 0.99927, 0.03824,-0.00107,-0.03824, 0.99927,-0.00222, 0.00100, 0.00225, 1.00000, -0.1400, -0.3124, -0.0440, 0.00000, 0.00000, 0.00012, 0.00059, 0.00043, 0.00023,"Pass206LSF"},
    { 8, 0.99891, 0.04673,-0.00066,-0.04673, 0.99890,-0.00322, 0.00052, 0.00325, 1.00000, -0.0177, -0.5014, -0.0887, 0.00000, 0.00000, 0.00013, 0.00062, 0.00044, 0.00023,"Pass206LSF"},
    { 9, 0.99867, 0.05169,-0.00007,-0.05169, 0.99867,-0.00338,-0.00008, 0.00338, 1.00000,  0.2192, -0.5285,  0.0028, 0.00000, 0.00000, 0.00012, 0.00060, 0.00044, 0.00023,"Pass206LSF"},
    {10, 0.99952, 0.03107, 0.00056,-0.03107, 0.99952,-0.00265,-0.00064, 0.00263, 1.00000,  0.3333, -0.4093, -0.0117, 0.00000, 0.00000, 0.00012, 0.00060, 0.00043, 0.00022,"Pass206LSF"},
    {11, 0.99993, 0.01149, 0.00104,-0.01149, 0.99993,-0.00173,-0.00106, 0.00172, 1.00000,  0.4114, -0.2511, -0.0076, 0.00000, 0.00000, 0.00012, 0.00060, 0.00043, 0.00022,"Pass206LSF"},
    {12, 1.00000,-0.00010, 0.00120, 0.00010, 1.00000,-0.00139,-0.00120, 0.00139, 1.00000,  0.4451, -0.1360, -0.0036, 0.00000, 0.00000, 0.00012, 0.00060, 0.00043, 0.00022,"Pass206LSF"},
    {13, 1.00000, 0.00222,-0.00122,-0.00222, 1.00000, 0.00041, 0.00122,-0.00039, 1.00000, -0.1411, -0.0646, -0.0539, 0.00000, 0.00000, 0.00013, 0.00059, 0.00043, 0.00021,"Pass206LSF"},
    {14, 0.99979, 0.01998,-0.00072,-0.01998, 0.99979,-0.00141, 0.00071, 0.00141, 1.00000, -0.0139, -0.3735, -0.0446, 0.00000, 0.00000, 0.00013, 0.00059, 0.00043, 0.00021,"Pass206LSF"},
    {15, 1.00000, 0.00221,-0.00000,-0.00221, 1.00000,-0.00123, 0.00000, 0.00123, 1.00000,  0.1490, -0.3715, -0.0324, 0.00000, 0.00000, 0.00013, 0.00058, 0.00042, 0.00021,"Pass206LSF"},
    {16, 0.99999,-0.00498, 0.00072, 0.00498, 0.99999,-0.00013,-0.00072, 0.00013, 1.00000,  0.2963, -0.2046, -0.0319, 0.00000, 0.00000, 0.00013, 0.00059, 0.00042, 0.00021,"Pass206LSF"},
    {17, 0.99981,-0.01973, 0.00121, 0.01973, 0.99981, 0.00110,-0.00123,-0.00107, 1.00000,  0.4139,  0.0304, -0.0319, 0.00000, 0.00000, 0.00013, 0.00059, 0.00042, 0.00021,"Pass206LSF"},
    {18, 0.99990, 0.01366, 0.00142,-0.01366, 0.99990, 0.00132,-0.00140,-0.00134, 1.00000,  0.4726,  0.1237, -0.0626, 0.00000, 0.00000, 0.00013, 0.00060, 0.00042, 0.00022,"Pass206LSF"},
    {19, 0.99993, 0.01228, 0.00124,-0.01228, 0.99993, 0.00192,-0.00122,-0.00195, 1.00000,  0.4356,  0.2812, -0.0354, 0.00000, 0.00000, 0.00013, 0.00058, 0.00042, 0.00021,"Pass206LSF"},
    {20, 0.99985, 0.01720, 0.00074,-0.01720, 0.99985, 0.00272,-0.00070,-0.00272, 1.00000,  0.3411,  0.4323, -0.0278, 0.00000, 0.00000, 0.00013, 0.00060, 0.00042, 0.00023,"Pass206LSF"},
    {21, 0.99996, 0.00992, 0.00002,-0.00992, 0.99996, 0.00297, 0.00001,-0.00297, 1.00000,  0.1513,  0.4907, -0.0436, 0.00000, 0.00000, 0.00013, 0.00057, 0.00041, 0.00021,"Pass206LSF"},
    {22, 0.99972, 0.02409,-0.00067,-0.02409, 0.99971, 0.00215, 0.00073,-0.00214, 1.00000,  0.0112,  0.3576, -0.0286, 0.00000, 0.00000, 0.00013, 0.00058, 0.00042, 0.00022,"Pass206LSF"},
    {23, 0.99984, 0.01813,-0.00120,-0.01813, 0.99983, 0.00215, 0.00123,-0.00212, 1.00000, -0.0906,  0.2917, -0.0340, 0.00000, 0.00000, 0.00013, 0.00058, 0.00042, 0.00021,"Pass206LSF"},
    {24, 0.99978, 0.02087,-0.00140,-0.02087, 0.99978, 0.00082, 0.00141,-0.00079, 1.00000, -0.1662,  0.0464, -0.0329, 0.00000, 0.00000, 0.00013, 0.00058, 0.00042, 0.00021,"Pass206LSF"}
  };
  St_Survey *tableSet = new St_Survey("TpcSuperSectorPositionB",24);
  for (Int_t i = 0; i < 24; i++) tableSet->AddAt(&row[i].Id);
  return (TDataSet *)tableSet;
}
