TDataSet *CreateTable() {
  if (!gROOT->GetClass("St_Survey")) return 0;
  Survey_st row[24] = {
    //             -gamma     beta    gamma            -alpha    -beta    alpha                x0       y0       z0
    { 1, 0.99999, 0.00314, 0.00027,-0.00314, 0.99999, 0.00011,-0.00028,-0.00011, 1.00000,  0.0823,  0.0362, -0.1035, 0.00000, 0.00000, 0.00013, 0.00061, 0.00044, 0.00023,"Pass204LSF"},
    { 2, 0.99993,-0.01196, 0.00016, 0.01196, 0.99993, 0.00013,-0.00016,-0.00013, 1.00000,  0.1048,  0.0497, -0.1132, 0.00000, 0.00000, 0.00013, 0.00060, 0.00043, 0.00024,"Pass204LSF"},
    { 3, 0.99993,-0.01234,-0.00000, 0.01234, 0.99993, 0.00016, 0.00000,-0.00016, 1.00000,  0.0655,  0.0550, -0.1078, 0.00000, 0.00000, 0.00013, 0.00060, 0.00043, 0.00023,"Pass204LSF"},
    { 4, 0.99999,-0.00465,-0.00018, 0.00465, 0.99999, 0.00035, 0.00015,-0.00036, 1.00000,  0.0164,  0.0948, -0.0985, 0.00000, 0.00000, 0.00014, 0.00065, 0.00046, 0.00024,"Pass204LSF"},
    { 5, 1.00000, 0.00369,-0.00028,-0.00369, 1.00000, 0.00010, 0.00028,-0.00010, 1.00000, -0.0214,  0.0290, -0.0636, 0.00000, 0.00000, 0.00012, 0.00060, 0.00042, 0.00023,"Pass204LSF"},
    { 6, 0.99990, 0.01407,-0.00032,-0.01407, 0.99990,-0.00059, 0.00032, 0.00059, 1.00000, -0.0219, -0.1128, -0.0968, 0.00000, 0.00000, 0.00012, 0.00059, 0.00043, 0.00022,"Pass204LSF"},
    { 7, 0.99989, 0.01519,-0.00028,-0.01519, 0.99989,-0.00060, 0.00027, 0.00060, 1.00000, -0.0040, -0.1386, -0.0933, 0.00000, 0.00000, 0.00012, 0.00060, 0.00043, 0.00023,"Pass204LSF"},
    { 8, 0.99982, 0.01895,-0.00016,-0.01895, 0.99982,-0.00089, 0.00015, 0.00089, 1.00000,  0.0151, -0.2075, -0.1466, 0.00000, 0.00000, 0.00012, 0.00060, 0.00043, 0.00022,"Pass204LSF"},
    { 9, 0.99982, 0.01944,-0.00000,-0.01944, 0.99982,-0.00093,-0.00001, 0.00093, 1.00000,  0.1440, -0.2130, -0.0698, 0.00000, 0.00000, 0.00012, 0.00059, 0.00043, 0.00022,"Pass204LSF"},
    {10, 0.99993, 0.01217, 0.00016,-0.01217, 0.99993,-0.00065,-0.00016, 0.00064, 1.00000,  0.1666, -0.1481, -0.0787, 0.00000, 0.00000, 0.00012, 0.00060, 0.00043, 0.00022,"Pass204LSF"},
    {11, 0.99999, 0.00377, 0.00028,-0.00377, 0.99999,-0.00035,-0.00028, 0.00035, 1.00000,  0.1794, -0.0833, -0.0675, 0.00000, 0.00000, 0.00012, 0.00061, 0.00043, 0.00023,"Pass204LSF"},
    {12, 1.00000,-0.00042, 0.00032, 0.00042, 1.00000,-0.00026,-0.00032, 0.00026, 1.00000,  0.1868, -0.0444, -0.0639, 0.00000, 0.00000, 0.00012, 0.00061, 0.00043, 0.00023,"Pass204LSF"},
    {13, 1.00000, 0.00261,-0.00033,-0.00261, 1.00000, 0.00005, 0.00033,-0.00004, 1.00000, -0.0089,  0.0058, -0.1082, 0.00000, 0.00000, 0.00013, 0.00061, 0.00043, 0.00023,"Pass204LSF"},
    {14, 0.99995, 0.00960,-0.00020,-0.00960, 0.99995,-0.00063, 0.00020, 0.00063, 1.00000,  0.0447, -0.1517, -0.0954, 0.00000, 0.00000, 0.00013, 0.00058, 0.00042, 0.00021,"Pass204LSF"},
    {15, 1.00000, 0.00249,-0.00000,-0.00249, 1.00000,-0.00055, 0.00000, 0.00055, 1.00000,  0.0981, -0.1561, -0.0818, 0.00000, 0.00000, 0.00013, 0.00058, 0.00042, 0.00021,"Pass204LSF"},
    {16, 1.00000, 0.00062, 0.00020,-0.00062, 1.00000,-0.00015,-0.00020, 0.00015, 1.00000,  0.1351, -0.0917, -0.0785, 0.00000, 0.00000, 0.00012, 0.00058, 0.00042, 0.00021,"Pass204LSF"},
    {17, 0.99999,-0.00530, 0.00033, 0.00530, 0.99999, 0.00024,-0.00033,-0.00024, 1.00000,  0.1713,  0.0056, -0.0815, 0.00000, 0.00000, 0.00013, 0.00060, 0.00042, 0.00022,"Pass204LSF"},
    {18, 0.99997, 0.00690, 0.00038,-0.00690, 0.99997, 0.00021,-0.00038,-0.00021, 1.00000,  0.1841,  0.0190, -0.1141, 0.00000, 0.00000, 0.00013, 0.00059, 0.00042, 0.00021,"Pass204LSF"},
    {19, 0.99998, 0.00626, 0.00033,-0.00626, 0.99998, 0.00040,-0.00033,-0.00041, 1.00000,  0.1878,  0.0826, -0.0874, 0.00000, 0.00000, 0.00014, 0.00059, 0.00042, 0.00022,"Pass204LSF"},
    {20, 0.99997, 0.00797, 0.00020,-0.00797, 0.99997, 0.00065,-0.00020,-0.00065, 1.00000,  0.1634,  0.1499, -0.0890, 0.00000, 0.00000, 0.00013, 0.00060, 0.00042, 0.00023,"Pass204LSF"},
    {21, 1.00000, 0.00360, 0.00000,-0.00360, 1.00000, 0.00077,-0.00000,-0.00077, 1.00000,  0.0967,  0.1929, -0.0981, 0.00000, 0.00000, 0.00013, 0.00060, 0.00042, 0.00023,"Pass204LSF"},
    {22, 0.99996, 0.00949,-0.00019,-0.00949, 0.99996, 0.00049, 0.00020,-0.00049, 1.00000,  0.0654,  0.1457, -0.0882, 0.00000, 0.00000, 0.00013, 0.00060, 0.00043, 0.00023,"Pass204LSF"},
    {23, 0.99997, 0.00806,-0.00033,-0.00806, 0.99997, 0.00057, 0.00033,-0.00057, 1.00000,  0.0398,  0.1373, -0.0945, 0.00000, 0.00000, 0.00013, 0.00060, 0.00043, 0.00022,"Pass204LSF"},
    {24, 0.99996, 0.00882,-0.00038,-0.00882, 0.99996, 0.00012, 0.00038,-0.00012, 1.00000,  0.0008,  0.0386, -0.0881, 0.00000, 0.00000, 0.00013, 0.00060, 0.00043, 0.00023,"Pass204LSF"}
  };
  St_Survey *tableSet = new St_Survey("TpcSuperSectorPositionB",24);
  for (Int_t i = 0; i < 24; i++) tableSet->AddAt(&row[i].Id);
  return (TDataSet *)tableSet;
}
