TDataSet *CreateTable() {
  if (!gROOT->GetClass("St_Survey")) return 0;
  Survey_st row[24] = {
    //             -gamma     beta    gamma            -alpha    -beta    alpha                x0       y0       z0
    { 1, 0.99998, 0.00298, 0.00150,-0.00298, 0.99998, 0.00062,-0.00151,-0.00063, 1.00000,  0.4572,  0.0288, -0.0621, 0.00000, 0.00000, 0.00013, 0.00063, 0.00045, 0.00023,"Pass207LSF"},
    { 2, 0.99979,-0.02079, 0.00085, 0.02079, 0.99979, 0.00110,-0.00086,-0.00108, 1.00000,  0.4104,  0.1674, -0.0534, 0.00000, 0.00000, 0.00013, 0.00062, 0.00045, 0.00024,"Pass207LSF"},
    { 3, 0.99976,-0.02179,-0.00002, 0.02179, 0.99976, 0.00130, 0.00000,-0.00130, 1.00000,  0.1918,  0.2784, -0.0545, 0.00000, 0.00000, 0.00013, 0.00060, 0.00044, 0.00024,"Pass207LSF"},
    { 4, 0.99997,-0.00836,-0.00094, 0.00836, 0.99997, 0.00142, 0.00083,-0.00143, 1.00000, -0.0681,  0.4241, -0.0477, 0.00000, 0.00000, 0.00014, 0.00066, 0.00047, 0.00024,"Pass207LSF"},
    { 5, 0.99999, 0.00622,-0.00151,-0.00622, 0.99999, 0.00049, 0.00151,-0.00048, 1.00000, -0.2904,  0.2934, -0.0266, 0.00000, 0.00000, 0.00012, 0.00059, 0.00043, 0.00023,"Pass207LSF"},
    { 6, 0.99975, 0.02202,-0.00175,-0.02202, 0.99975,-0.00116, 0.00174, 0.00120, 1.00000, -0.3421, -0.1594, -0.0432, 0.00000, 0.00000, 0.00013, 0.00060, 0.00044, 0.00024,"Pass207LSF"},
    { 7, 0.99970, 0.02447,-0.00153,-0.02447, 0.99970,-0.00183, 0.00150, 0.00186, 1.00000, -0.3050, -0.3535, -0.0362, 0.00000, 0.00000, 0.00013, 0.00060, 0.00044, 0.00024,"Pass207LSF"},
    { 8, 0.99959, 0.02870,-0.00091,-0.02871, 0.99958,-0.00272, 0.00084, 0.00275, 1.00000, -0.1464, -0.6586, -0.0750, 0.00000, 0.00000, 0.00013, 0.00063, 0.00046, 0.00024,"Pass207LSF"},
    { 9, 0.99951, 0.03138,-0.00004,-0.03138, 0.99952,-0.00292,-0.00002, 0.00292, 1.00000,  0.1581, -0.7462,  0.0166, 0.00000, 0.00000, 0.00013, 0.00062, 0.00046, 0.00025,"Pass207LSF"},
    {10, 0.99982, 0.01891, 0.00084,-0.01890, 0.99982,-0.00230,-0.00088, 0.00228, 1.00000,  0.3552, -0.6280, -0.0018, 0.00000, 0.00000, 0.00012, 0.00061, 0.00045, 0.00024,"Pass207LSF"},
    {11, 0.99998, 0.00514, 0.00151,-0.00514, 0.99998,-0.00136,-0.00152, 0.00135, 1.00000,  0.5138, -0.4272, -0.0025, 0.00000, 0.00000, 0.00012, 0.00061, 0.00044, 0.00022,"Pass207LSF"},
    {12, 1.00000,-0.00182, 0.00174, 0.00182, 1.00000,-0.00059,-0.00174, 0.00060, 1.00000,  0.5949, -0.2651,  0.0003, 0.00000, 0.00000, 0.00012, 0.00061, 0.00044, 0.00023,"Pass207LSF"},
    {13, 1.00000, 0.00260,-0.00177,-0.00260, 1.00000,-0.00032, 0.00177, 0.00034, 1.00000, -0.3008, -0.1884, -0.0440, 0.00000, 0.00000, 0.00013, 0.00059, 0.00043, 0.00021,"Pass207LSF"},
    {14, 0.99990, 0.01311,-0.00104,-0.01311, 0.99990,-0.00196, 0.00104, 0.00196, 1.00000, -0.0988, -0.5883, -0.0400, 0.00000, 0.00000, 0.00013, 0.00059, 0.00043, 0.00022,"Pass207LSF"},
    {15, 1.00000, 0.00288, 0.00000,-0.00288, 1.00000,-0.00210,-0.00000, 0.00210, 1.00000,  0.1675, -0.5566, -0.0294, 0.00000, 0.00000, 0.00013, 0.00058, 0.00043, 0.00022,"Pass207LSF"},
    {16, 1.00000, 0.00076, 0.00104,-0.00076, 1.00000,-0.00135,-0.00104, 0.00134, 1.00000,  0.4092, -0.2943, -0.0302, 0.00000, 0.00000, 0.00013, 0.00058, 0.00042, 0.00022,"Pass207LSF"},
    {17, 0.99997,-0.00800, 0.00178, 0.00800, 0.99997,-0.00018,-0.00177, 0.00020, 1.00000,  0.5824,  0.0584, -0.0305, 0.00000, 0.00000, 0.00013, 0.00061, 0.00043, 0.00022,"Pass207LSF"},
    {18, 0.99992, 0.01183, 0.00204,-0.01183, 0.99992, 0.00049,-0.00203,-0.00051, 1.00000,  0.6587,  0.2293, -0.0601, 0.00000, 0.00000, 0.00014, 0.00061, 0.00043, 0.00022,"Pass207LSF"},
    {19, 0.99996, 0.00959, 0.00178,-0.00959, 0.99996, 0.00152,-0.00177,-0.00155, 1.00000,  0.5797,  0.4600, -0.0329, 0.00000, 0.00000, 0.00014, 0.00060, 0.00042, 0.00022,"Pass207LSF"},
    {20, 0.99992, 0.01240, 0.00105,-0.01240, 0.99992, 0.00248,-0.00102,-0.00248, 1.00000,  0.4060,  0.6663, -0.0226, 0.00000, 0.00000, 0.00013, 0.00060, 0.00042, 0.00023,"Pass207LSF"},
    {21, 1.00000, 0.00517, 0.00001,-0.00517, 1.00000, 0.00290, 0.00000,-0.00290, 1.00000,  0.1123,  0.7149, -0.0366, 0.00000, 0.00000, 0.00013, 0.00058, 0.00042, 0.00021,"Pass207LSF"},
    {22, 0.99992, 0.01359,-0.00099,-0.01359, 0.99991, 0.00233, 0.00103,-0.00232, 1.00000, -0.1239,  0.4980, -0.0221, 0.00000, 0.00000, 0.00013, 0.00058, 0.00042, 0.00022,"Pass207LSF"},
    {23, 0.99995, 0.01055,-0.00176,-0.01055, 0.99994, 0.00194, 0.00177,-0.00191, 1.00000, -0.2872,  0.3611, -0.0233, 0.00000, 0.00000, 0.00013, 0.00059, 0.00042, 0.00022,"Pass207LSF"},
    {24, 0.99992, 0.01271,-0.00204,-0.01271, 0.99992, 0.00053, 0.00204,-0.00051, 1.00000, -0.3711, -0.0068, -0.0230, 0.00000, 0.00000, 0.00013, 0.00058, 0.00042, 0.00022,"Pass207LSF"}
  };
  St_Survey *tableSet = new St_Survey("TpcSuperSectorPositionB",24);
  for (Int_t i = 0; i < 24; i++) tableSet->AddAt(&row[i].Id);
  return (TDataSet *)tableSet;
}
