TDataSet *CreateTable() {
  if (!gROOT->GetClass("St_Survey")) return 0;
  Survey_st row[24] = {
    //             -gamma     beta    gamma            -alpha    -beta    alpha                x0       y0       z0
    { 1, 0.99998,-0.00573,-0.00009, 0.00573, 0.99998,-0.00001, 0.00009, 0.00001, 1.00000, -0.0014,  0.2609,  0.0165, 0.00000, 0.00000, 0.00014, 0.00009, 0.00023, 0.00010,"AuAu200A1305"},
    { 2, 0.99998,-0.00652,-0.00010, 0.00652, 0.99998,-0.00000, 0.00010,-0.00000, 1.00000,  0.0190,  0.3250,  0.0071, 0.00000, 0.00000, 0.00014, 0.00002, 0.00023, 0.00010,"AuAu200A1305"},
    { 3, 1.00000,-0.00132, 0.00003, 0.00132, 1.00000,-0.00010,-0.00003, 0.00010, 1.00000, -0.0274,  0.3148,  0.0491, 0.00000, 0.00000, 0.00005, 0.00009, 0.00022, 0.00010,"AuAu200A1305"},
    { 4, 1.00000,-0.00023, 0.00012, 0.00023, 1.00000,-0.00010,-0.00012, 0.00010, 1.00000, -0.0271,  0.3377,  0.0272, 0.00000, 0.00000, 0.00016, 0.00009, 0.00023, 0.00010,"AuAu200A1305"},
    { 5, 1.00000, 0.00304, 0.00020,-0.00304, 1.00000,-0.00010,-0.00020, 0.00010, 1.00000, -0.0476,  0.2674,  0.0637, 0.00000, 0.00000, 0.00017, 0.00009, 0.00023, 0.00010,"AuAu200A1305"},
    { 6, 0.99997, 0.00757, 0.00020,-0.00757, 0.99997,-0.00008,-0.00020, 0.00008, 1.00000, -0.0479,  0.2296,  0.0556, 0.00000, 0.00000, 0.00016, 0.00009, 0.00022, 0.00010,"AuAu200A1305"},
    { 7, 0.99994, 0.01059, 0.00025,-0.01059, 0.99994, 0.00003,-0.00025,-0.00003, 1.00000, -0.0540,  0.2306,  0.0642, 0.00000, 0.00000, 0.00017, 0.00009, 0.00024, 0.00010,"AuAu200A1305"},
    { 8, 1.00000, 0.00043, 0.00000,-0.00043, 1.00000, 0.00010, 0.00000,-0.00010, 1.00000, -0.0139,  0.2416,  0.0190, 0.00000, 0.00000, 0.00003, 0.00009, 0.00023, 0.00010,"AuAu200A1305"},
    { 9, 1.00000,-0.00017,-0.00004, 0.00017, 1.00000, 0.00003, 0.00004,-0.00003, 1.00000, -0.0185,  0.1551,  0.0422, 0.00000, 0.00000, 0.00017, 0.00009, 0.00022, 0.00010,"AuAu200A1305"},
    {10, 0.99999,-0.00344,-0.00017, 0.00344, 0.99999,-0.00000, 0.00017, 0.00000, 1.00000, -0.0093,  0.1855,  0.0429, 0.00000, 0.00000, 0.00000, 0.00009, 0.00024, 0.00010,"AuAu200A1305"},
    {11, 0.99999,-0.00422,-0.00010, 0.00422, 0.99999,-0.00007, 0.00010, 0.00007, 1.00000, -0.0120,  0.2484,  0.0329, 0.00000, 0.00000, 0.00008, 0.00009, 0.00023, 0.00011,"AuAu200A1305"},
    {12, 1.00000,-0.00240,-0.00008, 0.00240, 1.00000, 0.00008, 0.00008,-0.00008, 1.00000, -0.0115,  0.3196,  0.0344, 0.00000, 0.00000, 0.00016, 0.00009, 0.00024, 0.00011,"AuAu200A1305"},
    {13, 1.00000,-0.00037, 0.00011, 0.00037, 1.00000, 0.00012,-0.00011,-0.00012, 1.00000, -0.0499, -0.3044,  0.0598, 0.00000, 0.00000, 0.00017, 0.00007, 0.00017, 0.00009,"AuAu200A1305"},
    {14, 1.00000,-0.00038, 0.00012, 0.00038, 1.00000, 0.00018,-0.00012,-0.00018, 1.00000, -0.0367, -0.3738,  0.0535, 0.00000, 0.00000, 0.00012, 0.00009, 0.00023, 0.00011,"AuAu200A1305"},
    {15, 1.00000,-0.00211, 0.00014, 0.00211, 1.00000, 0.00025,-0.00014,-0.00025, 1.00000, -0.0373, -0.3706,  0.0550, 0.00000, 0.00000, 0.00016, 0.00009, 0.00023, 0.00011,"AuAu200A1305"},
    {16, 1.00000,-0.00497, 0.00008, 0.00497, 0.99999, 0.00021,-0.00008,-0.00021, 1.00000, -0.0446, -0.3986,  0.0816, 0.00000, 0.00000, 0.00017, 0.00009, 0.00025, 0.00011,"AuAu200A1305"},
    {17, 1.00000,-0.00342,-0.00007, 0.00342, 1.00000, 0.00009, 0.00007,-0.00009, 1.00000, -0.0241, -0.3882,  0.0491, 0.00000, 0.00000, 0.00014, 0.00009, 0.00023, 0.00011,"AuAu200A1305"},
    {18, 1.00000,-0.00111,-0.00019, 0.00111, 1.00000, 0.00007, 0.00019,-0.00007, 1.00000,  0.0043, -0.3502,  0.0065, 0.00000, 0.00000, 0.00010, 0.00009, 0.00025, 0.00011,"AuAu200A1305"},
    {19, 0.99998, 0.00655,-0.00027,-0.00655, 0.99998, 0.00007, 0.00027,-0.00007, 1.00000,  0.0122, -0.3036,  0.0024, 0.00000, 0.00000, 0.00019, 0.00009, 0.00025, 0.00011,"AuAu200A1305"},
    {20, 0.99994, 0.01107,-0.00012,-0.01107, 0.99994,-0.00016, 0.00012, 0.00016, 1.00000,  0.0220, -0.1947, -0.0255, 0.00000, 0.00000, 0.00018, 0.00009, 0.00023, 0.00011,"AuAu200A1305"},
    {21, 0.99997, 0.00750,-0.00007,-0.00750, 0.99997,-0.00022, 0.00007, 0.00022, 1.00000, -0.0032, -0.2219,  0.0118, 0.00000, 0.00000, 0.00013, 0.00009, 0.00024, 0.00011,"AuAu200A1305"},
    {22, 0.99998, 0.00553,-0.00004,-0.00553, 0.99998,-0.00015, 0.00004, 0.00015, 1.00000, -0.0126, -0.2415,  0.0209, 0.00000, 0.00000, 0.00014, 0.00009, 0.00024, 0.00011,"AuAu200A1305"},
    {23, 0.99999, 0.00556, 0.00001,-0.00556, 0.99999,-0.00008,-0.00001, 0.00008, 1.00000, -0.0210, -0.2584,  0.0322, 0.00000, 0.00000, 0.00011, 0.00009, 0.00024, 0.00011,"AuAu200A1305"},
    {24, 1.00000, 0.00246, 0.00000,-0.00246, 1.00000, 0.00026, 0.00000,-0.00026, 1.00000, -0.0244, -0.2717,  0.0486, 0.00001,-0.00999, 0.00016,-0.00100,-0.00100,-0.00100,"AuAu200A1305"}
  };
  St_Survey *tableSet = new St_Survey("TpcSuperSectorPositionB",24);
  for (Int_t i = 0; i < 24; i++) tableSet->AddAt(&row[i].Id);
  return (TDataSet *)tableSet;
}
