TDataSet *CreateTable() {
  if (!gROOT->GetClass("St_Survey")) return 0;
  Survey_st row[24] = {
    //             -gamma     beta    gamma            -alpha    -beta    alpha                x0       y0       z0
    { 1, 0.99999, 0.00101, 0.00062,-0.00101, 0.99999,-0.00004,-0.00063, 0.00004, 1.00000,  0.1987,  0.0342, -0.0763, 0.00000, 0.00000, 0.00013, 0.00062, 0.00044, 0.00022,"Pass205LSF"},
    { 2, 0.99977,-0.02155, 0.00036, 0.02155, 0.99977, 0.00006,-0.00036,-0.00005, 1.00000,  0.2057,  0.0713, -0.0804, 0.00000, 0.00000, 0.00013, 0.00061, 0.00043, 0.00024,"Pass205LSF"},
    { 3, 0.99971,-0.02423,-0.00000, 0.02423, 0.99971, 0.00019, 0.00000,-0.00019, 1.00000,  0.1173,  0.0954, -0.0769, 0.00000, 0.00000, 0.00012, 0.00058, 0.00042, 0.00022,"Pass205LSF"},
    { 4, 0.99993,-0.01186,-0.00040, 0.01186, 0.99993, 0.00056, 0.00034,-0.00057, 1.00000,  0.0191,  0.1538, -0.0662, 0.00000, 0.00000, 0.00014, 0.00066, 0.00046, 0.00024,"Pass205LSF"},
    { 5, 1.00000, 0.00383,-0.00063,-0.00383, 1.00000, 0.00007, 0.00063,-0.00007, 1.00000, -0.0701,  0.0550, -0.0354, 0.00000, 0.00000, 0.00012, 0.00059, 0.00042, 0.00022,"Pass205LSF"},
    { 6, 0.99973, 0.02308,-0.00074,-0.02308, 0.99973,-0.00119, 0.00072, 0.00120, 1.00000, -0.0771, -0.1704, -0.0665, 0.00000, 0.00000, 0.00012, 0.00059, 0.00042, 0.00022,"Pass205LSF"},
    { 7, 0.99967, 0.02570,-0.00064,-0.02570, 0.99967,-0.00136, 0.00061, 0.00137, 1.00000, -0.0480, -0.2377, -0.0607, 0.00000, 0.00000, 0.00012, 0.00058, 0.00042, 0.00022,"Pass205LSF"},
    { 8, 0.99951, 0.03126,-0.00038,-0.03126, 0.99951,-0.00197, 0.00033, 0.00198, 1.00000,  0.0229, -0.3634, -0.1131, 0.00000, 0.00000, 0.00012, 0.00059, 0.00043, 0.00022,"Pass205LSF"},
    { 9, 0.99944, 0.03381,-0.00002,-0.03381, 0.99944,-0.00206,-0.00003, 0.00206, 1.00000,  0.2028, -0.3740, -0.0246, 0.00000, 0.00000, 0.00012, 0.00058, 0.00042, 0.00022,"Pass205LSF"},
    {10, 0.99979, 0.02059, 0.00035,-0.02059, 0.99979,-0.00156,-0.00038, 0.00155, 1.00000,  0.2677, -0.2800, -0.0358, 0.00000, 0.00000, 0.00012, 0.00059, 0.00043, 0.00022,"Pass205LSF"},
    {11, 0.99997, 0.00701, 0.00063,-0.00701, 0.99997,-0.00097,-0.00064, 0.00097, 1.00000,  0.3058, -0.1722, -0.0286, 0.00000, 0.00000, 0.00012, 0.00060, 0.00043, 0.00023,"Pass205LSF"},
    {12, 1.00000,-0.00039, 0.00073, 0.00039, 1.00000,-0.00076,-0.00073, 0.00076, 1.00000,  0.3260, -0.0970, -0.0242, 0.00000, 0.00000, 0.00012, 0.00060, 0.00043, 0.00022,"Pass205LSF"},
    {13, 1.00000, 0.00266,-0.00074,-0.00266, 1.00000, 0.00025, 0.00074,-0.00023, 1.00000, -0.0469, -0.0058, -0.0763, 0.00000, 0.00000, 0.00013, 0.00059, 0.00043, 0.00022,"Pass205LSF"},
    {14, 0.99989, 0.01430,-0.00044,-0.01430, 0.99989,-0.00097, 0.00044, 0.00097, 1.00000,  0.0418, -0.2370, -0.0630, 0.00000, 0.00000, 0.00013, 0.00058, 0.00042, 0.00021,"Pass205LSF"},
    {15, 1.00000, 0.00258,-0.00000,-0.00258, 1.00000,-0.00086, 0.00000, 0.00086, 1.00000,  0.1452, -0.2410, -0.0485, 0.00000, 0.00000, 0.00013, 0.00057, 0.00042, 0.00021,"Pass205LSF"},
    {16, 1.00000,-0.00138, 0.00044, 0.00138, 1.00000,-0.00016,-0.00044, 0.00016, 1.00000,  0.2309, -0.1344, -0.0463, 0.00000, 0.00000, 0.00013, 0.00058, 0.00042, 0.00021,"Pass205LSF"},
    {17, 0.99994,-0.01111, 0.00074, 0.01111, 0.99994, 0.00061,-0.00074,-0.00060, 1.00000,  0.3066,  0.0255, -0.0476, 0.00000, 0.00000, 0.00013, 0.00059, 0.00042, 0.00021,"Pass205LSF"},
    {18, 0.99994, 0.01053, 0.00086,-0.01053, 0.99994, 0.00069,-0.00085,-0.00070, 1.00000,  0.3407,  0.0777, -0.0798, 0.00000, 0.00000, 0.00013, 0.00059, 0.00042, 0.00021,"Pass205LSF"},
    {19, 0.99996, 0.00926, 0.00075,-0.00926, 0.99996, 0.00108,-0.00074,-0.00110, 1.00000,  0.3238,  0.1867, -0.0525, 0.00000, 0.00000, 0.00013, 0.00059, 0.00042, 0.00021,"Pass205LSF"},
    {20, 0.99992, 0.01246, 0.00045,-0.01246, 0.99992, 0.00159,-0.00043,-0.00159, 1.00000,  0.2677,  0.2933, -0.0509, 0.00000, 0.00000, 0.00013, 0.00060, 0.00042, 0.00023,"Pass205LSF"},
    {21, 0.99999, 0.00626, 0.00001,-0.00626, 0.99999, 0.00179, 0.00000,-0.00179, 1.00000,  0.1440,  0.3475, -0.0640, 0.00000, 0.00000, 0.00013, 0.00058, 0.00042, 0.00021,"Pass205LSF"},
    {22, 0.99988, 0.01583,-0.00041,-0.01583, 0.99988, 0.00128, 0.00044,-0.00128, 1.00000,  0.0663,  0.2647, -0.0505, 0.00000, 0.00000, 0.00013, 0.00060, 0.00042, 0.00023,"Pass205LSF"},
    {23, 0.99992, 0.01267,-0.00073,-0.01267, 0.99992, 0.00132, 0.00074,-0.00131, 1.00000,  0.0056,  0.2279, -0.0579, 0.00000, 0.00000, 0.00013, 0.00059, 0.00042, 0.00021,"Pass205LSF"},
    {24, 0.99990, 0.01433,-0.00085,-0.01433, 0.99990, 0.00047, 0.00085,-0.00046, 1.00000, -0.0516,  0.0609, -0.0550, 0.00000, 0.00000, 0.00013, 0.00058, 0.00042, 0.00022,"Pass205LSF"}
  };
  St_Survey *tableSet = new St_Survey("TpcSuperSectorPositionB",24);
  for (Int_t i = 0; i < 24; i++) tableSet->AddAt(&row[i].Id);
  return (TDataSet *)tableSet;
}
