TDataSet *CreateTable() {
  if (!gROOT->GetClass("St_Survey")) return 0;
  Survey_st row[24] = {
    //             -gamma     beta    gamma            -alpha    -beta    alpha                x0       y0       z0
    { 1, 0.99998,-0.00598, 0.00017, 0.00598, 0.99998,-0.00040,-0.00017, 0.00040, 1.00000,  0.0619,  0.1889,  0.0254, 0.00001, 0.00001, 0.00009, 0.00311, 0.00223, 0.00021,"AuAu200A1309"},
    { 2, 0.99998,-0.00562, 0.00005, 0.00562, 0.99998,-0.00033,-0.00005, 0.00033, 1.00000,  0.0634,  0.2603,  0.0284, 0.00001, 0.00001, 0.00017, 0.00314, 0.00224, 0.00021,"AuAu200A1309"},
    { 3, 1.00000,-0.00218, 0.00006, 0.00218, 1.00000,-0.00046,-0.00006, 0.00046, 1.00000, -0.0166,  0.2424,  0.0396, 0.00001, 0.00001, 0.00015, 0.00314, 0.00223, 0.00021,"AuAu200A1309"},
    { 4, 1.00000,-0.00276, 0.00000, 0.00276, 1.00000,-0.00062, 0.00000, 0.00062, 1.00000, -0.0617,  0.2201, -0.0068, 0.00001, 0.00001, 0.00017, 0.00311, 0.00222, 0.00021,"AuAu200A1309"},
    { 5, 1.00000, 0.00247, 0.00031,-0.00247, 1.00000,-0.00069,-0.00031, 0.00069, 1.00000, -0.0392,  0.1365,  0.0110, 0.00001, 0.00001, 0.00016, 0.00313, 0.00223, 0.00021,"AuAu200A1309"},
    { 6, 0.99998, 0.00678, 0.00037,-0.00678, 0.99998,-0.00070,-0.00037, 0.00070, 1.00000, -0.0414,  0.0892, -0.0109, 0.00001, 0.00001, 0.00016, 0.00313, 0.00223, 0.00021,"AuAu200A1309"},
    { 7, 0.99995, 0.00903, 0.00067,-0.00903, 0.99995,-0.00056,-0.00067, 0.00056, 1.00000,  0.0078,  0.1043, -0.0080, 0.00001, 0.00002, 0.00018, 0.00317, 0.00226, 0.00021,"AuAu200A1309"},
    { 8, 1.00000, 0.00035, 0.00090,-0.00035, 1.00000,-0.00039,-0.00090, 0.00039, 1.00000,  0.1680,  0.1392, -0.0055, 0.00001, 0.00001, 0.00012, 0.00313, 0.00224, 0.00021,"AuAu200A1309"},
    { 9, 1.00000,-0.00024, 0.00081, 0.00024, 1.00000,-0.00045,-0.00081, 0.00045, 1.00000,  0.1579,  0.0631,  0.0305, 0.00001, 0.00001, 0.00018, 0.00314, 0.00224, 0.00021,"AuAu200A1309"},
    {10, 0.99999,-0.00382, 0.00019, 0.00382, 0.99999,-0.00021,-0.00019, 0.00021, 1.00000,  0.0693,  0.1478,  0.0548, 0.00001, 0.00001, 0.00000, 0.00139, 0.00106, 0.00021,"AuAu200A1309"},
    {11, 0.99999,-0.00431, 0.00063, 0.00431, 0.99999,-0.00042,-0.00063, 0.00042, 1.00000,  0.1454,  0.1863,  0.0404, 0.00001, 0.00001, 0.00008, 0.00310, 0.00223, 0.00021,"AuAu200A1309"},
    {12, 1.00000,-0.00235, 0.00024, 0.00235, 1.00000,-0.00019,-0.00024, 0.00019, 1.00000,  0.0612,  0.2710,  0.0393, 0.00001, 0.00001, 0.00015, 0.00315, 0.00225, 0.00021,"AuAu200A1309"},
    {13, 1.00000, 0.00082, 0.00045,-0.00082, 1.00000, 0.00062,-0.00045,-0.00062, 1.00000,  0.0166, -0.1914,  0.0200, 0.00001, 0.00002, 0.00017, 0.00330, 0.00234, 0.00022,"AuAu200A1309"},
    {14, 1.00000, 0.00168, 0.00055,-0.00168, 1.00000, 0.00062,-0.00055,-0.00062, 1.00000,  0.0424, -0.2808,  0.0112, 0.00001, 0.00002, 0.00009, 0.00322, 0.00231, 0.00021,"AuAu200A1309"},
    {15, 1.00000,-0.00138, 0.00064, 0.00138, 1.00000, 0.00079,-0.00064,-0.00079, 1.00000,  0.0531, -0.2548,  0.0068, 0.00001, 0.00002, 0.00016, 0.00330, 0.00233, 0.00021,"AuAu200A1309"},
    {16, 1.00000,-0.00456, 0.00069, 0.00456, 0.99999, 0.00083,-0.00069,-0.00083, 1.00000,  0.0580, -0.2720,  0.0398, 0.00001, 0.00001, 0.00006, 0.00315, 0.00219, 0.00021,"AuAu200A1309"},
    {17, 0.99999,-0.00542, 0.00054, 0.00542, 0.99999, 0.00070,-0.00054,-0.00070, 1.00000,  0.0637, -0.2656,  0.0174, 0.00001, 0.00002, 0.00020, 0.00359, 0.00249, 0.00022,"AuAu200A1309"},
    {18, 1.00000,-0.00199, 0.00040, 0.00199, 1.00000, 0.00040,-0.00040,-0.00040, 1.00000,  0.1148, -0.2792,  0.0057, 0.00001, 0.00002, 0.00016, 0.00322, 0.00229, 0.00021,"AuAu200A1309"},
    {19, 0.99998, 0.00585, 0.00047,-0.00585, 0.99998, 0.00042,-0.00047,-0.00042, 1.00000,  0.1771, -0.2464,  0.0248, 0.00001, 0.00002, 0.00020, 0.00361, 0.00249, 0.00022,"AuAu200A1309"},
    {20, 0.99990, 0.01389, 0.00064,-0.01389, 0.99990, 0.00027,-0.00064,-0.00028, 1.00000,  0.2062, -0.1197, -0.0117, 0.00001, 0.00002, 0.00018, 0.00331, 0.00234, 0.00022,"AuAu200A1309"},
    {21, 0.99995, 0.00922, 0.00027,-0.00922, 0.99995, 0.00016,-0.00027,-0.00016, 1.00000,  0.0806, -0.1421,  0.0101, 0.00001, 0.00002, 0.00018, 0.00323, 0.00229, 0.00021,"AuAu200A1309"},
    {22, 0.99998, 0.00676, 0.00039,-0.00676, 0.99998, 0.00018,-0.00039,-0.00018, 1.00000,  0.0949, -0.1696,  0.0182, 0.00001, 0.00002, 0.00012, 0.00319, 0.00228, 0.00021,"AuAu200A1309"},
    {23, 0.99997, 0.00808, 0.00025,-0.00808, 0.99997, 0.00030,-0.00025,-0.00030, 1.00000,  0.0397, -0.1813,  0.0192, 0.00001, 0.00002, 0.00018, 0.00323, 0.00229, 0.00021,"AuAu200A1309"},
    {24, 1.00000, 0.00250, 0.00037,-0.00250, 1.00000, 0.00052,-0.00037,-0.00052, 1.00000,  0.0508, -0.1977,  0.0267, 0.00001, 0.00002, 0.00015, 0.00326, 0.00231, 0.00021,"AuAu200A1309"}
  };
  St_Survey *tableSet = new St_Survey("TpcSuperSectorPositionB",24);
  for (Int_t i = 0; i < 24; i++) tableSet->AddAt(&row[i].Id);
  return (TDataSet *)tableSet;
}
