aOffset: 81.000000
pParOffset: 1.500000
pPerOffset: 0.238000
r1: 7.000000
r2: 12.000000
r3: 17.000000
nLadder1: 11.000000
nLadder2: 19.000000
nLadder3: 27.000000
ladder width: 7.000000
sensor width: 4.000000
spacing: 0.168600
sensor thickness: 0.030000
ladder thickness: 0.368600
length1: 28.000000
length2: 40.000000
length3: 52.000000
nWafer1: 7.000000
nWafer2: 10.000000
nWafer3: 13.000000
sensor length: 4.000000
