TDataSet *CreateTable() {
  if (!gROOT->GetClass("St_Survey")) return 0;
  Survey_st row[20] = {
    {101, 1.00000,-0.00224, 0.00194, 0.00221, 1.00000,-0.00144,-0.00195, 0.00144, 1.00000, -0.0506, 23.2617, -0.0158,0.1,0.1,0.1,0.1,0.1,0.1,"Pass217 RFR"},
    {102, 0.97891, 0.20430, 0.00142,-0.20428, 0.97890,-0.00175,-0.00171, 0.00140, 1.00000,  7.1335, 21.7517, -0.0454,0.1,0.1,0.1,0.1,0.1,0.1,"Pass217 RFR"},
    {203, 0.86874, 0.49501,-0.01675,-0.49511, 0.86885, 0.00078, 0.01494, 0.00764, 0.99988, 13.3419, 18.1015,  0.0060,0.1,0.1,0.1,0.1,0.1,0.1,"Pass217 RFR"},
    {204, 0.68236, 0.73102,-0.00278,-0.73101, 0.68237,-0.00075, 0.00139, 0.00254, 1.00000, 18.3464, 13.1315, -0.0125,0.1,0.1,0.1,0.1,0.1,0.1,"Pass217 RFR"},
    {205, 0.42567, 0.90488,-0.00276,-0.90488, 0.42565,-0.00060, 0.00061, 0.00278, 1.00000, 21.5038,  6.9042,  0.0017,0.1,0.1,0.1,0.1,0.1,0.1,"Pass217 RFR"},
    {206, 0.00627, 0.99997, 0.00044,-0.99997, 0.00627, 0.00008, 0.00007,-0.00044, 1.00000, 22.2804, -0.0033,  0.0056,0.1,0.1,0.1,0.1,0.1,0.1,"Pass217 RFR"},
    {207,-0.42466, 0.90535, 0.00170,-0.90534,-0.42466,-0.00028, 0.00047,-0.00167, 1.00000, 21.5016, -6.8768,  0.0341,0.1,0.1,0.1,0.1,0.1,0.1,"Pass217 RFR"},
    {208,-0.46502, 0.88440,-0.03980,-0.88530,-0.46454, 0.02112, 0.00019, 0.04508, 0.99898, 18.1387,-13.0467,  0.2015,0.1,0.1,0.1,0.1,0.1,0.1,"Pass217 RFR"},
    {209,-0.86500, 0.50176,-0.00329,-0.50174,-0.86501,-0.00045,-0.00311, 0.00124, 1.00000, 13.5012,-18.1505, -0.0061,0.1,0.1,0.1,0.1,0.1,0.1,"Pass217 RFR"},
    {310,-0.97519, 0.22140, 0.00058,-0.22141,-0.97518,-0.00211, 0.00012,-0.00218, 1.00000,  7.1579,-21.6075, -0.0065,0.1,0.1,0.1,0.1,0.1,0.1,"Pass217 RFR"},
    {311,-1.00000, 0.00264, 0.00012,-0.00263,-1.00000,-0.00139, 0.00011,-0.00140, 1.00000,  0.0074,-23.1730,  0.0016,0.1,0.1,0.1,0.1,0.1,0.1,"Pass217 RFR"},
    {312,-0.97875,-0.20516, 0.00035, 0.20515,-0.97877,-0.00142, 0.00059,-0.00135, 1.00000, -7.1869,-21.6723, -0.0018,0.1,0.1,0.1,0.1,0.1,0.1,"Pass217 RFR"},
    {413,-0.87596,-0.48235, 0.00171, 0.48235,-0.87596, 0.00179, 0.00063, 0.00239, 1.00000,-13.4926,-18.1354, -0.0383,0.1,0.1,0.1,0.1,0.1,0.1,"Pass217 RFR"},
    {414,-0.68493,-0.72858, 0.00071, 0.72861,-0.68494, 0.00081,-0.00009, 0.00106, 1.00000,-18.4562,-13.1870,  0.0074,0.1,0.1,0.1,0.1,0.1,0.1,"Pass217 RFR"},
    {415,-0.42120,-0.90701, 0.00174, 0.90698,-0.42117, 0.00063, 0.00017, 0.00184, 1.00000,-21.5655, -6.8990,  0.0118,0.1,0.1,0.1,0.1,0.1,0.1,"Pass217 RFR"},
    {416,-0.00567,-0.99999, 0.00211, 0.99999,-0.00567, 0.00085,-0.00086, 0.00211, 1.00000,-22.4972, -0.0298,  0.0100,0.1,0.1,0.1,0.1,0.1,0.1,"Pass217 RFR"},
    {417, 0.42322,-0.90605, 0.00221, 0.90605, 0.42324, 0.00065,-0.00157, 0.00175, 1.00000,-21.5576,  6.8924,  0.0091,0.1,0.1,0.1,0.1,0.1,0.1,"Pass217 RFR"},
    {418, 0.67590,-0.73697, 0.00208, 0.73699, 0.67591, 0.00081,-0.00206, 0.00097, 1.00000,-18.4075, 13.1255, -0.0060,0.1,0.1,0.1,0.1,0.1,0.1,"Pass217 RFR"},
    {419, 0.86802,-0.49658, 0.00216, 0.49657, 0.86803, 0.00040,-0.00209, 0.00076, 1.00000,-13.5388, 18.1262, -0.0417,0.1,0.1,0.1,0.1,0.1,0.1,"Pass217 RFR"},
    {120, 0.97548,-0.22001, 0.00192, 0.22004, 0.97548,-0.00192,-0.00147, 0.00228, 0.99999, -7.2185, 21.7200, -0.0073,0.1,0.1,0.1,0.1,0.1,0.1,"Pass217 RFR"}
  };
  St_Survey *tableSet = new St_Survey("SsdLaddersOnSectors",20);
  for (Int_t i = 0; i < 20; i++) tableSet->AddAt(&row[i].Id, i);
  return (TDataSet *)tableSet;
}
