TDataSet *CreateTable() {
  if (!gROOT->GetClass("St_Survey")) return 0;
  Survey_st row[20] = {
    {101, 0.99994,-0.01213, 0.00022, 0.01213, 0.99994,-0.00091,-0.00022, 0.00091, 1.00000, -0.0193, 23.2321, -0.0238,0.1,0.1,0.1,0.1,0.1,0.1,"Pass125 021G"},
    {102, 0.97862, 0.20562, 0.00030,-0.20562, 0.97862,-0.00081,-0.00047, 0.00073, 1.00000,  7.1710, 21.7412, -0.0233,0.1,0.1,0.1,0.1,0.1,0.1,"Pass125 021G"},
    {203, 0.86936, 0.49418,-0.00030,-0.49418, 0.86936,-0.00011, 0.00020, 0.00026, 1.00000, 13.4784, 18.1498, -0.0164,0.1,0.1,0.1,0.1,0.1,0.1,"Pass125 021G"},
    {204, 0.68337, 0.73008, 0.00028,-0.73008, 0.68337, 0.00039, 0.00009,-0.00048, 1.00000, 18.3255, 13.1154, -0.0007,0.1,0.1,0.1,0.1,0.1,0.1,"Pass125 021G"},
    {205, 0.42809, 0.90376,-0.00017,-0.90376, 0.42809, 0.00015, 0.00022, 0.00010, 1.00000, 21.4571,  6.8828,  0.0072,0.1,0.1,0.1,0.1,0.1,0.1,"Pass125 021G"},
    {206, 0.01356, 0.99991,-0.00014,-0.99991, 0.01356,-0.00008,-0.00008, 0.00014, 1.00000, 22.2827, -0.0133,  0.0033,0.1,0.1,0.1,0.1,0.1,0.1,"Pass125 021G"},
    {207,-0.41476, 0.90994, 0.00156,-0.90993,-0.41476,-0.00031, 0.00038,-0.00154, 1.00000, 21.3300, -7.3496,  0.2034,0.1,0.1,0.1,0.1,0.1,0.1,"Pass125 021G"},
    {208,-0.67432, 0.73845, 0.00010,-0.73845,-0.67432,-0.00046,-0.00026,-0.00037, 0.99999, 18.1752,-13.0108,  0.1183,0.1,0.1,0.1,0.1,0.1,0.1,"Pass125 021G"},
    {209,-0.86547, 0.50096,-0.00054,-0.50096,-0.86548,-0.00047,-0.00070,-0.00015, 1.00000, 13.4650,-18.1434,  0.0224,0.1,0.1,0.1,0.1,0.1,0.1,"Pass125 021G"},
    {310,-0.97526, 0.22110,-0.00009,-0.22110,-0.97526,-0.00148,-0.00042,-0.00142, 1.00000,  7.1982,-21.5759,  0.0092,0.1,0.1,0.1,0.1,0.1,0.1,"Pass125 021G"},
    {311,-0.99991, 0.01253,-0.00028,-0.01253,-0.99991,-0.00099,-0.00029,-0.00100, 1.00000,  0.0423,-23.1190,  0.0090,0.1,0.1,0.1,0.1,0.1,0.1,"Pass125 021G"},
    {312,-0.97814,-0.20799,-0.00026, 0.20799,-0.97815,-0.00166, 0.00007,-0.00167, 1.00000, -7.1341,-21.6241, -0.0028,0.1,0.1,0.1,0.1,0.1,0.1,"Pass125 021G"},
    {413,-0.87373,-0.48638, 0.00145, 0.48638,-0.87373, 0.00056, 0.00097, 0.00121, 1.00000,-13.4870,-18.1303, -0.0348,0.1,0.1,0.1,0.1,0.1,0.1,"Pass125 021G"},
    {414,-0.68062,-0.73267, 0.00120, 0.73267,-0.68062,-0.00033, 0.00104, 0.00066, 1.00000,-18.4399,-13.1949,  0.0221,0.1,0.1,0.1,0.1,0.1,0.1,"Pass125 021G"},
    {415,-0.41975,-0.90765, 0.00136, 0.90766,-0.41974,-0.00031, 0.00087, 0.00110, 1.00000,-21.5554, -6.8763,  0.0202,0.1,0.1,0.1,0.1,0.1,0.1,"Pass125 021G"},
    {416,-0.00941,-0.99996, 0.00097, 0.99996,-0.00941,-0.00008, 0.00009, 0.00097, 1.00000,-22.4807, -0.0044,  0.0189,0.1,0.1,0.1,0.1,0.1,0.1,"Pass125 021G"},
    {417, 0.42529,-0.90505, 0.00106, 0.90506, 0.42529, 0.00010,-0.00055, 0.00094, 1.00000,-21.5193,  6.9059,  0.0173,0.1,0.1,0.1,0.1,0.1,0.1,"Pass125 021G"},
    {418, 0.68116,-0.73213, 0.00148, 0.73212, 0.68116,-0.00006,-0.00096, 0.00113, 1.00000,-18.3795, 13.1443,  0.0009,0.1,0.1,0.1,0.1,0.1,0.1,"Pass125 021G"},
    {419, 0.86860,-0.49553, 0.00130, 0.49553, 0.86860,-0.00049,-0.00088, 0.00107, 1.00000,-13.4988, 18.1423, -0.0351,0.1,0.1,0.1,0.1,0.1,0.1,"Pass125 021G"},
    {120, 0.97570,-0.21908, 0.00036, 0.21908, 0.97568,-0.00153,-0.00006, 0.00160, 0.99999, -7.1896, 21.6929, -0.0267,0.1,0.1,0.1,0.1,0.1,0.1,"Pass125 021G"}
  };
  St_Survey *tableSet = new St_Survey("SsdLaddersOnSectors",20);
  for (Int_t i = 0; i < 20; i++) tableSet->AddAt(&row[i].Id, i);
  return (TDataSet *)tableSet;
}
