TDataSet *CreateTable() {
  if (!gROOT->GetClass("St_Survey")) return 0;
  Survey_st row[20] = {
    {101, 0.99996,-0.00927, 0.00016, 0.00927, 0.99996,-0.00120,-0.00016, 0.00120, 1.00000, -0.0097, 23.2202, -0.0199,0.1,0.1,0.1,0.1,0.1,0.1,"Pass121 RFE"},
    {102, 0.97903, 0.20367,-0.00012,-0.20367, 0.97903,-0.00105,-0.00009, 0.00105, 1.00000,  7.1819, 21.7378, -0.0205,0.1,0.1,0.1,0.1,0.1,0.1,"Pass121 RFE"},
    {203, 0.87045, 0.49226, 0.00014,-0.49226, 0.87045, 0.00026,-0.00001,-0.00028, 1.00000, 13.4715, 18.1404, -0.0222,0.1,0.1,0.1,0.1,0.1,0.1,"Pass121 RFE"},
    {204, 0.68609, 0.72752, 0.00016,-0.72752, 0.68609, 0.00035, 0.00015,-0.00035, 1.00000, 18.3202, 13.1135, -0.0056,0.1,0.1,0.1,0.1,0.1,0.1,"Pass121 RFE"},
    {205, 0.42181, 0.90670,-0.00000,-0.90670, 0.42181, 0.00022, 0.00020,-0.00008, 1.00000, 21.4855,  6.8969, -0.0021,0.1,0.1,0.1,0.1,0.1,0.1,"Pass121 RFE"},
    {206, 0.01045, 0.99994,-0.00100,-0.99994, 0.01045, 0.00004, 0.00005, 0.00100, 1.00000, 22.3023, -0.0081, -0.0019,0.1,0.1,0.1,0.1,0.1,0.1,"Pass121 RFE"},
    {207,-0.41649, 0.90915, 0.00151,-0.90914,-0.41649,-0.00029, 0.00037,-0.00149, 1.00000, 21.5301, -6.9232,  0.0324,0.1,0.1,0.1,0.1,0.1,0.1,"Pass121 RFE"},
    {208,-0.67326, 0.73942, 0.00025,-0.73942,-0.67325,-0.00058,-0.00024,-0.00056, 0.99999, 18.1953,-13.0251,  0.1226,0.1,0.1,0.1,0.1,0.1,0.1,"Pass121 RFE"},
    {209,-0.86525, 0.50131,-0.00054,-0.50131,-0.86525, 0.00003,-0.00046, 0.00029, 1.00000, 13.4636,-18.1509,  0.0292,0.1,0.1,0.1,0.1,0.1,0.1,"Pass121 RFE"},
    {310,-0.97483, 0.22293,-0.00010,-0.22293,-0.97483,-0.00135,-0.00040,-0.00129, 1.00000,  7.1930,-21.5788,  0.0076,0.1,0.1,0.1,0.1,0.1,0.1,"Pass121 RFE"},
    {311,-0.99994, 0.01064,-0.00012,-0.01064,-0.99994,-0.00118,-0.00014,-0.00119, 1.00000,  0.0226,-23.1267,  0.0119,0.1,0.1,0.1,0.1,0.1,0.1,"Pass121 RFE"},
    {312,-0.97819,-0.20776,-0.00018, 0.20776,-0.97819,-0.00103, 0.00003,-0.00104, 1.00000, -7.1470,-21.6276, -0.0111,0.1,0.1,0.1,0.1,0.1,0.1,"Pass121 RFE"},
    {413,-0.87199,-0.48952, 0.00127, 0.48952,-0.87199, 0.00014, 0.00102, 0.00075, 1.00000,-13.4894,-18.1301, -0.0488,0.1,0.1,0.1,0.1,0.1,0.1,"Pass121 RFE"},
    {414,-0.67505,-0.73780, 0.00106, 0.73780,-0.67505,-0.00069, 0.00122, 0.00031, 1.00000,-18.4242,-13.1864,  0.0067,0.1,0.1,0.1,0.1,0.1,0.1,"Pass121 RFE"},
    {415,-0.41767,-0.90860,-0.00293, 0.90859,-0.41767, 0.00652,-0.00714, 0.00006, 0.99997,-21.5434, -6.8720,  0.0147,0.1,0.1,0.1,0.1,0.1,0.1,"Pass121 RFE"},
    {416,-0.00952,-0.99995, 0.00119, 0.99995,-0.00952,-0.00043, 0.00044, 0.00119, 1.00000,-22.4813, -0.0067,  0.0226,0.1,0.1,0.1,0.1,0.1,0.1,"Pass121 RFE"},
    {417, 0.42219,-0.90650, 0.00125, 0.90651, 0.42219,-0.00037,-0.00021, 0.00131, 1.00000,-21.5007,  6.9076,  0.0207,0.1,0.1,0.1,0.1,0.1,0.1,"Pass121 RFE"},
    {418, 0.67575,-0.73712, 0.00151, 0.73712, 0.67575,-0.00014,-0.00091, 0.00120, 1.00000,-18.3752, 13.1339,  0.0086,0.1,0.1,0.1,0.1,0.1,0.1,"Pass121 RFE"},
    {419, 0.86856,-0.49560, 0.00180, 0.49560, 0.86856,-0.00110,-0.00103, 0.00185, 1.00000,-13.5058, 18.1179, -0.0207,0.1,0.1,0.1,0.1,0.1,0.1,"Pass121 RFE"},
    {120, 0.97619,-0.21692, 0.00025, 0.21692, 0.97617,-0.00081,-0.00008, 0.00086, 0.99999, -7.1750, 21.6965, -0.0276,0.1,0.1,0.1,0.1,0.1,0.1,"Pass121 RFE"}
  };
  St_Survey *tableSet = new St_Survey("SsdLaddersOnSectors",20);
  for (Int_t i = 0; i < 20; i++) tableSet->AddAt(&row[i].Id, i);
  return (TDataSet *)tableSet;
}
