TDataSet *CreateTable() {
  if (!gROOT->GetClass("St_Survey")) return 0;
  Survey_st row[20] = {
    {101, 0.99999,-0.00680, 0.00020, 0.00680, 0.99998,-0.00077,-0.00020, 0.00077, 1.00000, -0.0201, 23.2346, -0.0105,0.1,0.1,0.1,0.1,0.1,0.1,"Pass125 049G"},
    {102, 0.97853, 0.20608, 0.00027,-0.20608, 0.97853,-0.00045,-0.00036, 0.00037, 1.00000,  7.1683, 21.7380, -0.0121,0.1,0.1,0.1,0.1,0.1,0.1,"Pass125 049G"},
    {203, 0.86820, 0.49621,-0.00028,-0.49621, 0.86820, 0.00018, 0.00030,-0.00002, 1.00000, 13.4768, 18.1658, -0.0248,0.1,0.1,0.1,0.1,0.1,0.1,"Pass125 049G"},
    {204, 0.67968, 0.73350, 0.00023,-0.73350, 0.67968, 0.00020,-0.00001,-0.00029, 1.00000, 18.3312, 13.1273, -0.0053,0.1,0.1,0.1,0.1,0.1,0.1,"Pass125 049G"},
    {205, 0.41958, 0.90773,-0.00008,-0.90773, 0.41958, 0.00022, 0.00023,-0.00003, 1.00000, 21.4761,  6.8978,  0.0025,0.1,0.1,0.1,0.1,0.1,0.1,"Pass125 049G"},
    {206, 0.00768, 0.99995, 0.00016,-0.99995, 0.00768, 0.00009, 0.00008,-0.00016, 1.00000, 22.2842, -0.0030, -0.0011,0.1,0.1,0.1,0.1,0.1,0.1,"Pass125 049G"},
    {207,-0.40959, 0.91227,-0.00054,-0.91226,-0.40959, 0.00031, 0.00007, 0.00061, 1.00000, 21.5105, -6.8792,  0.0665,0.1,0.1,0.1,0.1,0.1,0.1,"Pass125 049G"},
    {208,-0.65023, 0.75975, 0.00174,-0.75973,-0.65021,-0.00462,-0.00235,-0.00433, 0.99999, 18.1070,-13.1022,  0.1348,0.1,0.1,0.1,0.1,0.1,0.1,"Pass125 049G"},
    {209,-0.86016, 0.51002,-0.00036,-0.51002,-0.86016,-0.00027,-0.00044,-0.00005, 1.00000, 13.4978,-18.1479,  0.0236,0.1,0.1,0.1,0.1,0.1,0.1,"Pass125 049G"},
    {310,-0.97581, 0.21851,-0.00056,-0.21851,-0.97581,-0.00106,-0.00080,-0.00089, 1.00000,  7.1260,-21.5907,  0.0091,0.1,0.1,0.1,0.1,0.1,0.1,"Pass125 049G"},
    {311,-1.00000, 0.00295,-0.00032,-0.00295,-1.00000,-0.00054,-0.00032,-0.00055, 1.00000, -0.0204,-23.1223,  0.0044,0.1,0.1,0.1,0.1,0.1,0.1,"Pass125 049G"},
    {312,-0.97908,-0.20346,-0.00024, 0.20346,-0.97908,-0.00109,-0.00003,-0.00111, 1.00000, -7.1964,-21.6233, -0.0155,0.1,0.1,0.1,0.1,0.1,0.1,"Pass125 049G"},
    {413,-0.87557,-0.48308, 0.00161, 0.48308,-0.87557, 0.00074, 0.00105, 0.00142, 1.00000,-13.4912,-18.1092, -0.0276,0.1,0.1,0.1,0.1,0.1,0.1,"Pass125 049G"},
    {414,-0.68262,-0.73079, 0.00123, 0.73079,-0.68262,-0.00027, 0.00103, 0.00073, 1.00000,-18.4450,-13.1894,  0.0268,0.1,0.1,0.1,0.1,0.1,0.1,"Pass125 049G"},
    {415,-0.42317,-0.90606, 0.00059, 0.90606,-0.42316, 0.00196,-0.00154, 0.00135, 1.00001,-21.5608, -6.8803,  0.0238,0.1,0.1,0.1,0.1,0.1,0.1,"Pass125 049G"},
    {416,-0.00105,-1.00000, 0.00110, 1.00000,-0.00105,-0.00003, 0.00004, 0.00110, 1.00000,-22.4869, -0.0159,  0.0146,0.1,0.1,0.1,0.1,0.1,0.1,"Pass125 049G"},
    {417, 0.41966,-0.90768, 0.00111, 0.90767, 0.41966, 0.00016,-0.00061, 0.00096, 1.00000,-21.5288,  6.8979,  0.0163,0.1,0.1,0.1,0.1,0.1,0.1,"Pass125 049G"},
    {418, 0.67475,-0.73804, 0.00102, 0.73804, 0.67475, 0.00002,-0.00070, 0.00074, 1.00000,-18.3870, 13.1453, -0.0042,0.1,0.1,0.1,0.1,0.1,0.1,"Pass125 049G"},
    {419, 0.86629,-0.49953, 0.00027, 0.49953, 0.86630, 0.00018,-0.00036, 0.00000, 1.00000,-13.4962, 18.1518, -0.0360,0.1,0.1,0.1,0.1,0.1,0.1,"Pass125 049G"},
    {120, 0.97648,-0.21558, 0.00040, 0.21558, 0.97647,-0.00185, 0.00003, 0.00192, 0.99999, -7.1917, 21.6881, -0.0113,0.1,0.1,0.1,0.1,0.1,0.1,"Pass125 049G"}
  };
  St_Survey *tableSet = new St_Survey("SsdLaddersOnSectors",20);
  for (Int_t i = 0; i < 20; i++) tableSet->AddAt(&row[i].Id, i);
  return (TDataSet *)tableSet;
}
