TDataSet *CreateTable() {
  if (!gROOT->GetClass("St_Survey")) return 0;
  Survey_st row[20] = {
    {101, 0.99999,-0.00458,-0.00001, 0.00458, 0.99999,-0.00111, 0.00000, 0.00111, 1.00000, -0.0147, 23.2136, -0.0106,0.1,0.1,0.1,0.1,0.1,0.1,"Pass126 Cu62"},
    {102, 0.98005, 0.19871, 0.00039,-0.19871, 0.98005,-0.00060,-0.00049, 0.00051, 1.00000,  7.1691, 21.7179, -0.0270,0.1,0.1,0.1,0.1,0.1,0.1,"Pass126 Cu62"},
    {203, 0.87268, 0.48828,-0.00011,-0.48828, 0.87268, 0.00019, 0.00018,-0.00011, 1.00000, 13.4760, 18.1331, -0.0176,0.1,0.1,0.1,0.1,0.1,0.1,"Pass126 Cu62"},
    {204, 0.68074, 0.73253,-0.00000,-0.73253, 0.68074, 0.00002, 0.00002,-0.00001, 1.00000, 18.3230, 13.1051, -0.0016,0.1,0.1,0.1,0.1,0.1,0.1,"Pass126 Cu62"},
    {205, 0.42572, 0.90487, 0.00014,-0.90487, 0.42572, 0.00042, 0.00032,-0.00030, 1.00000, 21.4635,  6.8809,  0.0065,0.1,0.1,0.1,0.1,0.1,0.1,"Pass126 Cu62"},
    {206, 0.00621, 0.99997, 0.00045,-0.99997, 0.00621, 0.00011, 0.00010,-0.00045, 1.00000, 22.2781, -0.0119,  0.0057,0.1,0.1,0.1,0.1,0.1,0.1,"Pass126 Cu62"},
    {207,-0.42509, 0.90515, 0.00164,-0.90514,-0.42509,-0.00017, 0.00055,-0.00157, 1.00000, 21.5047, -6.8797,  0.0406,0.1,0.1,0.1,0.1,0.1,0.1,"Pass126 Cu62"},
    {208,-0.67768, 0.73535, 0.00280,-0.73536,-0.67767,-0.00318,-0.00044,-0.00419, 0.99999, 18.1905,-13.0542,  0.2036,0.1,0.1,0.1,0.1,0.1,0.1,"Pass126 Cu62"},
    {209,-0.86083, 0.50887,-0.00029,-0.50887,-0.86083,-0.00017,-0.00035, 0.00000, 1.00000, 13.4790,-18.1356,  0.0230,0.1,0.1,0.1,0.1,0.1,0.1,"Pass126 Cu62"},
    {310,-0.97622, 0.21675,-0.00052,-0.21675,-0.97622,-0.00082,-0.00069,-0.00069, 1.00000,  7.1467,-21.5672,  0.0036,0.1,0.1,0.1,0.1,0.1,0.1,"Pass126 Cu62"},
    {311,-0.99996, 0.00955,-0.00010,-0.00955,-0.99996,-0.00107,-0.00013,-0.00108, 1.00000,  0.0006,-23.1077,  0.0117,0.1,0.1,0.1,0.1,0.1,0.1,"Pass126 Cu62"},
    {312,-0.97908,-0.20350,-0.00006, 0.20350,-0.97908,-0.00155, 0.00024,-0.00153, 1.00000, -7.1700,-21.6267, -0.0054,0.1,0.1,0.1,0.1,0.1,0.1,"Pass126 Cu62"},
    {413,-0.87697,-0.48054, 0.00159, 0.48054,-0.87697, 0.00028, 0.00125, 0.00101, 1.00000,-13.4957,-18.1143, -0.0346,0.1,0.1,0.1,0.1,0.1,0.1,"Pass126 Cu62"},
    {414,-0.68508,-0.72847, 0.00155, 0.72848,-0.68508,-0.00038, 0.00135, 0.00086, 1.00000,-18.4443,-13.1880,  0.0202,0.1,0.1,0.1,0.1,0.1,0.1,"Pass126 Cu62"},
    {415,-0.41643,-0.90916, 0.00131, 0.90917,-0.41643,-0.00091, 0.00138, 0.00082, 1.00000,-21.5473, -6.8701,  0.0174,0.1,0.1,0.1,0.1,0.1,0.1,"Pass126 Cu62"},
    {416, 0.00418,-1.00000, 0.00090, 1.00000, 0.00418,-0.00039, 0.00040, 0.00090, 1.00000,-22.4739, -0.0143,  0.0132,0.1,0.1,0.1,0.1,0.1,0.1,"Pass126 Cu62"},
    {417, 0.41614,-0.90930, 0.00073, 0.90931, 0.41614,-0.00037, 0.00001, 0.00084, 1.00000,-21.5200,  6.8950,  0.0209,0.1,0.1,0.1,0.1,0.1,0.1,"Pass126 Cu62"},
    {418, 0.67376,-0.73895, 0.00071, 0.73895, 0.67376, 0.00003,-0.00051, 0.00049, 1.00000,-18.3817, 13.1305,  0.0011,0.1,0.1,0.1,0.1,0.1,0.1,"Pass126 Cu62"},
    {419, 0.86618,-0.49974, 0.00009, 0.49974, 0.86618, 0.00010,-0.00013,-0.00003, 1.00000,-13.4977, 18.1399, -0.0297,0.1,0.1,0.1,0.1,0.1,0.1,"Pass126 Cu62"},
    {120, 0.97578,-0.21875,-0.00001, 0.21875, 0.97577,-0.00129, 0.00029, 0.00125, 0.99999, -7.1770, 21.6822, -0.0111,0.1,0.1,0.1,0.1,0.1,0.1,"Pass126 Cu62"}
  };
  St_Survey *tableSet = new St_Survey("SsdLaddersOnSectors",20);
  for (Int_t i = 0; i < 20; i++) tableSet->AddAt(&row[i].Id, i);
  return (TDataSet *)tableSet;
}
