TDataSet *CreateTable() { 
// -----------------------------------------------------------------
// 
// Positioning of the SSD ladders in the SSD sector coordinate systems
  if (!gROOT->GetClass("St_Survey")) return 0;
  Survey_st row[20] = {
    { 101,  1.000000, 0.000000, 0.000000, 0.000000, 1.000000, 0.000000, 0.000000, 0.000000, 1.000000, 0.000000, 23.177000, 0.000000, 0.100000, 0.100000, 0.100000, 0.100000, 0.100000, 0.100000,"         Nominal at the moment"},
    { 102,  0.977046, 0.213030, 0.000000, -0.213030, 0.977046, 0.000000, 0.000000, 0.000000, 1.000000, 7.159030, 21.646900, 0.000000, 0.100000, 0.100000, 0.100000, 0.100000, 0.100000, 0.100000,"         Nominal at the moment"},
    { 203,  0.869495, 0.493942, 0.000000, -0.493942, 0.869495, 0.000000, 0.000000, 0.000000, 1.000000, 13.593900, 18.304200, 0.000000, 0.100000, 0.100000, 0.100000, 0.100000, 0.100000, 0.100000,"         Nominal at the moment"},
    { 204,  0.676876, 0.736097, 0.000000, -0.736097, 0.676876, 0.000000, 0.000000, 0.000000, 1.000000, 18.538700, 13.272400, 0.000000, 0.100000, 0.100000, 0.100000, 0.100000, 0.100000, 0.100000,"         Nominal at the moment"},
    { 205,  0.419452, 0.907777, 0.000000, -0.907777, 0.419452, 0.000000, 0.000000, 0.000000, 1.000000, 21.708500, 6.969850, 0.000000, 0.100000, 0.100000, 0.100000, 0.100000, 0.100000, 0.100000,"         Nominal at the moment"},
    { 206,  0.000000, 1.000000, 0.000000, -1.000000, 0.000000, 0.000000, 0.000000, 0.000000, 1.000000, 22.500000, 0.000000, 0.000000, 0.100000, 0.100000, 0.100000, 0.100000, 0.100000, 0.100000,"         Nominal at the moment"},
    { 207,  -0.419452, 0.907777, 0.000000, -0.907777, -0.419452, 0.000000, 0.000000, 0.000000, 1.000000, 21.708500, -6.969850, 0.000000, 0.100000, 0.100000, 0.100000, 0.100000, 0.100000, 0.100000,"         Nominal at the moment"},
    { 208,  -0.676876, 0.736097, 0.000000, -0.736097, -0.676876, 0.000000, 0.000000, 0.000000, 1.000000, 18.538700, -13.272400, 0.000000, 0.100000, 0.100000, 0.100000, 0.100000, 0.100000, 0.100000,"         Nominal at the moment"},
    { 209,  -0.869495, 0.493942, 0.000000, -0.493942, -0.869495, 0.000000, 0.000000, 0.000000, 1.000000, 13.593900, -18.304200, 0.000000, 0.100000, 0.100000, 0.100000, 0.100000, 0.100000, 0.100000,"         Nominal at the moment"},
    { 310,  -0.977046, 0.213030, 0.000000, -0.213030, -0.977046, 0.000000, 0.000000, 0.000000, 1.000000, 7.159030, -21.646900, 0.000000, 0.100000, 0.100000, 0.100000, 0.100000, 0.100000, 0.100000,"         Nominal at the moment"},
    { 311,  -1.000000, 0.000000, 0.000000, 0.000000, -1.000000, 0.000000, 0.000000, 0.000000, 1.000000, 0.000000, -23.177000, 0.000000, 0.100000, 0.100000, 0.100000, 0.100000, 0.100000, 0.100000,"         Nominal at the moment"},
    { 312,  -0.977046, -0.213030, 0.000000, 0.213030, -0.977046, 0.000000, 0.000000, 0.000000, 1.000000, -7.159030, -21.646900, 0.000000, 0.100000, 0.100000, 0.100000, 0.100000, 0.100000, 0.100000,"         Nominal at the moment"},
    { 413,  -0.869495, -0.493942, 0.000000, 0.493942, -0.869495, 0.000000, 0.000000, 0.000000, 1.000000, -13.593900, -18.304200, 0.000000, 0.100000, 0.100000, 0.100000, 0.100000, 0.100000, 0.100000,"         Nominal at the moment"},
    { 414,  -0.676876, -0.736097, 0.000000, 0.736097, -0.676876, 0.000000, 0.000000, 0.000000, 1.000000, -18.538700, -13.272400, 0.000000, 0.100000, 0.100000, 0.100000, 0.100000, 0.100000, 0.100000,"         Nominal at the moment"},
    { 415,  -0.419452, -0.907777, 0.000000, 0.907777, -0.419452, 0.000000, 0.000000, 0.000000, 1.000000, -21.708500, -6.969850, 0.000000, 0.100000, 0.100000, 0.100000, 0.100000, 0.100000, 0.100000,"         Nominal at the moment"},
    { 416,  0.000000, -1.000000, 0.000000, 1.000000, 0.000000, 0.000000, 0.000000, 0.000000, 1.000000, -22.500000, -0.000000, 0.000000, 0.100000, 0.100000, 0.100000, 0.100000, 0.100000, 0.100000,"         Nominal at the moment"},
    { 417,  0.419452, -0.907777, 0.000000, 0.907777, 0.419452, 0.000000, 0.000000, 0.000000, 1.000000, -21.708500, 6.969850, 0.000000, 0.100000, 0.100000, 0.100000, 0.100000, 0.100000, 0.100000,"         Nominal at the moment"},
    { 418,  0.676876, -0.736097, 0.000000, 0.736097, 0.676876, 0.000000, 0.000000, 0.000000, 1.000000, -18.538700, 13.272400, 0.000000, 0.100000, 0.100000, 0.100000, 0.100000, 0.100000, 0.100000,"         Nominal at the moment"},
    { 419,  0.869495, -0.493942, 0.000000, 0.493942, 0.869495, 0.000000, 0.000000, 0.000000, 1.000000, -13.593900, 18.304200, 0.000000, 0.100000, 0.100000, 0.100000, 0.100000, 0.100000, 0.100000,"         Nominal at the moment"},
    { 120,  0.977046, -0.213030, 0.000000, 0.213030, 0.977046, 0.000000, 0.000000, 0.000000, 1.000000, -7.159030, 21.646900, 0.000000, 0.100000, 0.100000, 0.100000, 0.100000, 0.100000, 0.100000,"         Nominal at the moment"},
  };
  Int_t n = 20;
  St_Survey *tableSet = new St_Survey("SsdLaddersOnSectors",n);
  for (Int_t i = 0; i < n; i++) {
    tableSet->AddAt(&row[i].Id, i);
  }
  return (TDataSet *)tableSet;
}
