TDataSet *CreateTable() {
  if (!gROOT->GetClass("St_Survey")) return 0;
  Survey_st row[20] = {
    {101, 1.00000,-0.00175, 0.00003, 0.00175, 1.00000,-0.00088,-0.00003, 0.00088, 1.00000, -0.0061, 23.2348, -0.0151,0.1,0.1,0.1,0.1,0.1,0.1,"Pass37H"},
    {102, 0.97897, 0.20399, 0.00032,-0.20399, 0.97897,-0.00049,-0.00041, 0.00041, 1.00000,  7.1854, 21.7322, -0.0208,0.1,0.1,0.1,0.1,0.1,0.1,"Pass37H"},
    {203, 0.87124, 0.49085,-0.00010,-0.49085, 0.87124, 0.00025, 0.00020,-0.00017, 1.00000, 13.4833, 18.1573, -0.0184,0.1,0.1,0.1,0.1,0.1,0.1,"Pass37H"},
    {204, 0.68145, 0.73187, 0.00014,-0.73187, 0.68145, 0.00022, 0.00006,-0.00026, 1.00000, 18.3332, 13.1217, -0.0047,0.1,0.1,0.1,0.1,0.1,0.1,"Pass37H"},
    {205, 0.42359, 0.90585, 0.00023,-0.90585, 0.42359, 0.00037, 0.00025,-0.00036, 1.00000, 21.4742,  6.8936,  0.0068,0.1,0.1,0.1,0.1,0.1,0.1,"Pass37H"},
    {206, 0.00538, 0.99998, 0.00043,-0.99998, 0.00538, 0.00018, 0.00017,-0.00043, 1.00000, 22.2702, -0.0085,  0.0022,0.1,0.1,0.1,0.1,0.1,0.1,"Pass37H"},
    {207,-0.42030, 0.90739, 0.00096,-0.90738,-0.42030,-0.00027, 0.00016,-0.00099, 1.00000, 21.5349, -6.8997,  0.0199,0.1,0.1,0.1,0.1,0.1,0.1,"Pass37H"},
    {208,-0.67352, 0.73916, 0.00421,-0.73916,-0.67353, 0.00086, 0.00347,-0.00252, 0.99999, 18.2980,-13.1155,  0.0809,0.1,0.1,0.1,0.1,0.1,0.1,"Pass37H"},
    {209,-0.86394, 0.50358,-0.00048,-0.50358,-0.86394,-0.00002,-0.00044, 0.00022, 1.00000, 13.4965,-18.1491,  0.0223,0.1,0.1,0.1,0.1,0.1,0.1,"Pass37H"},
    {310,-0.97720, 0.21230,-0.00029,-0.21230,-0.97720,-0.00100,-0.00050,-0.00091, 1.00000,  7.1580,-21.5835,  0.0105,0.1,0.1,0.1,0.1,0.1,0.1,"Pass37H"},
    {311,-1.00000,-0.00026,-0.00014, 0.00026,-1.00000,-0.00068,-0.00014,-0.00069, 1.00000,  0.0083,-23.1235,  0.0085,0.1,0.1,0.1,0.1,0.1,0.1,"Pass37H"},
    {312,-0.97923,-0.20277,-0.00001, 0.20277,-0.97923,-0.00092, 0.00017,-0.00091, 1.00000, -7.1641,-21.6289, -0.0083,0.1,0.1,0.1,0.1,0.1,0.1,"Pass37H"},
    {413,-0.87702,-0.48045, 0.00166, 0.48045,-0.87702, 0.00042, 0.00125, 0.00116, 1.00000,-13.4929,-18.1280, -0.0358,0.1,0.1,0.1,0.1,0.1,0.1,"Pass37H"},
    {414,-0.68245,-0.73094, 0.00131, 0.73094,-0.68245,-0.00044, 0.00121, 0.00065, 1.00000,-18.4545,-13.2052,  0.0204,0.1,0.1,0.1,0.1,0.1,0.1,"Pass37H"},
    {415,-0.42134,-0.90691, 0.00150, 0.90691,-0.42134,-0.00072, 0.00128, 0.00106, 1.00000,-21.5712, -6.8829,  0.0172,0.1,0.1,0.1,0.1,0.1,0.1,"Pass37H"},
    {416,-0.00195,-1.00000, 0.00110, 1.00000,-0.00195,-0.00043, 0.00044, 0.00110, 1.00000,-22.4873, -0.0113,  0.0103,0.1,0.1,0.1,0.1,0.1,0.1,"Pass37H"},
    {417, 0.41978,-0.90762, 0.00126, 0.90763, 0.41978,-0.00037,-0.00020, 0.00131, 1.00000,-21.5416,  6.9064,  0.0148,0.1,0.1,0.1,0.1,0.1,0.1,"Pass37H"},
    {418, 0.67623,-0.73668, 0.00110, 0.73668, 0.67623,-0.00037,-0.00047, 0.00106, 1.00000,-18.3919, 13.1478, -0.0022,0.1,0.1,0.1,0.1,0.1,0.1,"Pass37H"},
    {419, 0.86834,-0.49598, 0.00066, 0.49599, 0.86834,-0.00059,-0.00028, 0.00084, 1.00000,-13.4959, 18.1535, -0.0355,0.1,0.1,0.1,0.1,0.1,0.1,"Pass37H"},
    {120, 0.97551,-0.21997, 0.00037, 0.21997, 0.97550,-0.00189, 0.00006, 0.00193, 0.99999, -7.1789, 21.6941, -0.0175,0.1,0.1,0.1,0.1,0.1,0.1,"Pass37H"}
  };
  St_Survey *tableSet = new St_Survey("SsdLaddersOnSectors",20);
  for (Int_t i = 0; i < 20; i++) tableSet->AddAt(&row[i].Id, i);
  return (TDataSet *)tableSet;
}
