TDataSet *CreateTable() {
  if (!gROOT->GetClass("St_Survey")) return 0;
  Survey_st row[20] = {
    {101, 1.00000,-0.00132,-0.00000, 0.00132, 1.00000,-0.00087,-0.00000, 0.00087, 1.00000, -0.0057, 23.2382, -0.0160,0.1,0.1,0.1,0.1,0.1,0.1,"Pass49F"},
    {102, 0.97895, 0.20409, 0.00029,-0.20409, 0.97895,-0.00049,-0.00038, 0.00042, 1.00000,  7.1871, 21.7327, -0.0231,0.1,0.1,0.1,0.1,0.1,0.1,"Pass49F"},
    {203, 0.87101, 0.49128,-0.00006,-0.49128, 0.87101, 0.00031, 0.00019,-0.00024, 1.00000, 13.4834, 18.1567, -0.0205,0.1,0.1,0.1,0.1,0.1,0.1,"Pass49F"},
    {204, 0.68118, 0.73212, 0.00014,-0.73212, 0.68118, 0.00023, 0.00007,-0.00026, 1.00000, 18.3317, 13.1205, -0.0050,0.1,0.1,0.1,0.1,0.1,0.1,"Pass49F"},
    {205, 0.42354, 0.90588, 0.00022,-0.90588, 0.42354, 0.00037, 0.00025,-0.00035, 1.00000, 21.4673,  6.8903,  0.0072,0.1,0.1,0.1,0.1,0.1,0.1,"Pass49F"},
    {206, 0.00542, 0.99998, 0.00043,-0.99998, 0.00542, 0.00016, 0.00015,-0.00043, 1.00000, 22.2614, -0.0098,  0.0022,0.1,0.1,0.1,0.1,0.1,0.1,"Pass49F"},
    {207,-0.42127, 0.90694, 0.00079,-0.90693,-0.42127,-0.00020, 0.00016,-0.00081, 1.00000, 21.5244, -6.8926,  0.0224,0.1,0.1,0.1,0.1,0.1,0.1,"Pass49F"},
    {208,-0.67764, 0.73540, 0.00051,-0.73540,-0.67763,-0.00222,-0.00128,-0.00186, 0.99999, 18.2112,-13.0678,  0.1386,0.1,0.1,0.1,0.1,0.1,0.1,"Pass49F"},
    {209,-0.86382, 0.50378,-0.00048,-0.50378,-0.86382,-0.00012,-0.00049, 0.00013, 1.00000, 13.4928,-18.1448,  0.0196,0.1,0.1,0.1,0.1,0.1,0.1,"Pass49F"},
    {310,-0.97750, 0.21089,-0.00027,-0.21089,-0.97750,-0.00111,-0.00050,-0.00102, 1.00000,  7.1547,-21.5748,  0.0078,0.1,0.1,0.1,0.1,0.1,0.1,"Pass49F"},
    {311,-1.00000,-0.00094,-0.00011, 0.00094,-1.00000,-0.00080,-0.00011,-0.00081, 1.00000,  0.0072,-23.1145,  0.0063,0.1,0.1,0.1,0.1,0.1,0.1,"Pass49F"},
    {312,-0.97941,-0.20190, 0.00001, 0.20190,-0.97941,-0.00094, 0.00019,-0.00092, 1.00000, -7.1632,-21.6230, -0.0084,0.1,0.1,0.1,0.1,0.1,0.1,"Pass49F"},
    {413,-0.87791,-0.47882, 0.00167, 0.47882,-0.87791, 0.00040, 0.00126, 0.00115, 1.00000,-13.4900,-18.1244, -0.0352,0.1,0.1,0.1,0.1,0.1,0.1,"Pass49F"},
    {414,-0.68325,-0.73020, 0.00117, 0.73020,-0.68325,-0.00052, 0.00117, 0.00049, 1.00000,-18.4579,-13.2061,  0.0242,0.1,0.1,0.1,0.1,0.1,0.1,"Pass49F"},
    {415,-0.42003,-0.90751, 0.00181, 0.90752,-0.42003,-0.00058, 0.00129, 0.00140, 1.00000,-21.5732, -6.8834,  0.0184,0.1,0.1,0.1,0.1,0.1,0.1,"Pass49F"},
    {416,-0.00176,-1.00000, 0.00110, 1.00000,-0.00176,-0.00043, 0.00044, 0.00110, 1.00000,-22.4839, -0.0116,  0.0088,0.1,0.1,0.1,0.1,0.1,0.1,"Pass49F"},
    {417, 0.41959,-0.90771, 0.00126, 0.90772, 0.41959,-0.00034,-0.00023, 0.00131, 1.00000,-21.5414,  6.9062,  0.0148,0.1,0.1,0.1,0.1,0.1,0.1,"Pass49F"},
    {418, 0.67629,-0.73663, 0.00115, 0.73663, 0.67629,-0.00038,-0.00049, 0.00110, 1.00000,-18.3916, 13.1461, -0.0024,0.1,0.1,0.1,0.1,0.1,0.1,"Pass49F"},
    {419, 0.86844,-0.49580, 0.00065, 0.49580, 0.86844,-0.00061,-0.00027, 0.00086, 1.00000,-13.4960, 18.1557, -0.0362,0.1,0.1,0.1,0.1,0.1,0.1,"Pass49F"},
    {120, 0.97531,-0.22083, 0.00036, 0.22083, 0.97530,-0.00188, 0.00007, 0.00192, 0.99999, -7.1782, 21.6923, -0.0178,0.1,0.1,0.1,0.1,0.1,0.1,"Pass49F"}
  };
  St_Survey *tableSet = new St_Survey("SsdLaddersOnSectors",20);
  for (Int_t i = 0; i < 20; i++) tableSet->AddAt(&row[i].Id, i);
  return (TDataSet *)tableSet;
}
