TDataSet *CreateTable() {
  if (!gROOT->GetClass("St_Survey")) return 0;
  Survey_st row[20] = {
    {101, 1.00000,-0.00046, 0.00049, 0.00046, 0.99999,-0.00120,-0.00051, 0.00121, 1.00000, -0.0266, 23.2588, -0.0185,0.1,0.1,0.1,0.1,0.1,0.1,"Pass217 FFL"},
    {102, 0.97885, 0.20452, 0.00062,-0.20451, 0.97884,-0.00049,-0.00068, 0.00035, 1.00001,  7.1536, 21.7561, -0.0384,0.1,0.1,0.1,0.1,0.1,0.1,"Pass217 FFL"},
    {203, 0.87097, 0.49130,-0.00152,-0.49128, 0.87097, 0.00007, 0.00136, 0.00066, 1.00000, 13.4821, 18.1643, -0.0404,0.1,0.1,0.1,0.1,0.1,0.1,"Pass217 FFL"},
    {204, 0.68225, 0.73112,-0.00148,-0.73112, 0.68226,-0.00025, 0.00081, 0.00125, 1.00000, 18.3413, 13.1293, -0.0108,0.1,0.1,0.1,0.1,0.1,0.1,"Pass217 FFL"},
    {205, 0.42596, 0.90477,-0.00176,-0.90477, 0.42596,-0.00036, 0.00044, 0.00175, 1.00000, 21.4940,  6.9026, -0.0025,0.1,0.1,0.1,0.1,0.1,0.1,"Pass217 FFL"},
    {206, 0.00621, 0.99997, 0.00045,-0.99997, 0.00621, 0.00011, 0.00010,-0.00045, 1.00000, 22.2781, -0.0119,  0.0057,0.1,0.1,0.1,0.1,0.1,0.1,"Pass217 FFL"},
    {207,-0.42509, 0.90515, 0.00164,-0.90514,-0.42509,-0.00017, 0.00055,-0.00157, 1.00000, 21.5047, -6.8797,  0.0406,0.1,0.1,0.1,0.1,0.1,0.1,"Pass217 FFL"},
    {208,-0.67768, 0.73535, 0.00280,-0.73536,-0.67767,-0.00318,-0.00044,-0.00419, 0.99999, 18.1905,-13.0542,  0.2036,0.1,0.1,0.1,0.1,0.1,0.1,"Pass217 FFL"},
    {209,-0.86514, 0.50155,-0.00157,-0.50154,-0.86509,-0.00035,-0.00155, 0.00047, 1.00001, 13.4974,-18.1448,  0.0033,0.1,0.1,0.1,0.1,0.1,0.1,"Pass217 FFL"},
    {310,-0.97533, 0.22055,-0.00003,-0.22055,-0.97534,-0.00096,-0.00024,-0.00092, 1.00000,  7.1560,-21.6004,  0.0050,0.1,0.1,0.1,0.1,0.1,0.1,"Pass217 FFL"},
    {311,-1.00000, 0.00398,-0.00001,-0.00397,-1.00000,-0.00139,-0.00005,-0.00141, 1.00000,  0.0066,-23.1628,  0.0092,0.1,0.1,0.1,0.1,0.1,0.1,"Pass217 FFL"},
    {312,-0.97871,-0.20535, 0.00017, 0.20535,-0.97871,-0.00128, 0.00041,-0.00125, 1.00000, -7.1816,-21.6608, -0.0077,0.1,0.1,0.1,0.1,0.1,0.1,"Pass217 FFL"},
    {413,-0.87637,-0.48165, 0.00196, 0.48165,-0.87636, 0.00085, 0.00133, 0.00173, 1.00000,-13.4946,-18.1272, -0.0538,0.1,0.1,0.1,0.1,0.1,0.1,"Pass217 FFL"},
    {414,-0.67907,-0.73404, 0.00523, 0.73409,-0.67906, 0.00286, 0.00148, 0.00580, 1.00000,-18.4316,-13.1598, -0.0030,0.1,0.1,0.1,0.1,0.1,0.1,"Pass217 FFL"},
    {415,-0.42354,-0.90589, 0.00153, 0.90589,-0.42354,-0.00041, 0.00100, 0.00120, 1.00000,-21.5706, -6.8937,  0.0051,0.1,0.1,0.1,0.1,0.1,0.1,"Pass217 FFL"},
    {416,-0.00356,-0.99999, 0.00158, 1.00000,-0.00359,-0.00038, 0.00040, 0.00154, 1.00001,-22.5034, -0.0242,  0.0035,0.1,0.1,0.1,0.1,0.1,0.1,"Pass217 FFL"},
    {417, 0.42054,-0.90729, 0.00162, 0.90729, 0.42054,-0.00052,-0.00022, 0.00172, 1.00000,-21.5510,  6.8921,  0.0054,0.1,0.1,0.1,0.1,0.1,0.1,"Pass217 FFL"},
    {418, 0.67554,-0.73731, 0.00144, 0.73732, 0.67554,-0.00042,-0.00068, 0.00130, 1.00000,-18.4132, 13.1320, -0.0058,0.1,0.1,0.1,0.1,0.1,0.1,"Pass217 FFL"},
    {419, 0.86775,-0.49699, 0.00105, 0.49698, 0.86778,-0.00053,-0.00067, 0.00100, 1.00000,-13.5378, 18.1337, -0.0389,0.1,0.1,0.1,0.1,0.1,0.1,"Pass217 FFL"},
    {120, 0.97570,-0.21908, 0.00052, 0.21909, 0.97571,-0.00200,-0.00009, 0.00207, 0.99999, -7.1948, 21.7194, -0.0103,0.1,0.1,0.1,0.1,0.1,0.1,"Pass217 FFL"}
  };
  St_Survey *tableSet = new St_Survey("SsdLaddersOnSectors",20);
  for (Int_t i = 0; i < 20; i++) tableSet->AddAt(&row[i].Id, i);
  return (TDataSet *)tableSet;
}
