TDataSet *CreateTable() {
  if (!gROOT->GetClass("St_Survey")) return 0;
  Survey_st row[20] = {
    {101, 1.00000,-0.00218, 0.00194, 0.00218, 1.00000,-0.00159,-0.00195, 0.00159, 1.00000, -0.0508, 23.2619, -0.0175,0.1,0.1,0.1,0.1,0.1,0.1,"Pass217 RFI"},
    {102, 0.97875, 0.20505, 0.00143,-0.20504, 0.97874,-0.00173,-0.00172, 0.00138, 1.00000,  7.1338, 21.7525, -0.0461,0.1,0.1,0.1,0.1,0.1,0.1,"Pass217 RFI"},
    {203, 0.85349, 0.52080,-0.01851,-0.52096, 0.85359,-0.00222, 0.01465, 0.01155, 0.99985, 13.3452, 18.1118,  0.0218,0.1,0.1,0.1,0.1,0.1,0.1,"Pass217 RFI"},
    {204, 0.68214, 0.73121,-0.00278,-0.73120, 0.68215,-0.00071, 0.00141, 0.00252, 1.00000, 18.3451, 13.1305, -0.0128,0.1,0.1,0.1,0.1,0.1,0.1,"Pass217 RFI"},
    {205, 0.42560, 0.90492,-0.00279,-0.90492, 0.42558,-0.00061, 0.00063, 0.00280, 1.00000, 21.5060,  6.9050,  0.0012,0.1,0.1,0.1,0.1,0.1,0.1,"Pass217 RFI"},
    {206, 0.00627, 0.99997, 0.00044,-0.99997, 0.00627, 0.00008, 0.00007,-0.00044, 1.00000, 22.2804, -0.0033,  0.0056,0.1,0.1,0.1,0.1,0.1,0.1,"Pass217 RFI"},
    {207,-0.42466, 0.90535, 0.00170,-0.90534,-0.42466,-0.00028, 0.00047,-0.00167, 1.00000, 21.5016, -6.8768,  0.0341,0.1,0.1,0.1,0.1,0.1,0.1,"Pass217 RFI"},
    {208,-0.46502, 0.88440,-0.03980,-0.88530,-0.46454, 0.02112, 0.00019, 0.04508, 0.99898, 18.1387,-13.0467,  0.2015,0.1,0.1,0.1,0.1,0.1,0.1,"Pass217 RFI"},
    {209,-0.86430, 0.50298,-0.00325,-0.50296,-0.86431,-0.00052,-0.00311, 0.00117, 1.00000, 13.5010,-18.1501, -0.0058,0.1,0.1,0.1,0.1,0.1,0.1,"Pass217 RFI"},
    {310,-0.97546, 0.22022, 0.00058,-0.22023,-0.97545,-0.00209, 0.00012,-0.00216, 1.00000,  7.1578,-21.6069, -0.0075,0.1,0.1,0.1,0.1,0.1,0.1,"Pass217 RFI"},
    {311,-0.99999, 0.00342, 0.00013,-0.00342,-0.99999,-0.00133, 0.00010,-0.00134, 1.00000,  0.0074,-23.1720,  0.0014,0.1,0.1,0.1,0.1,0.1,0.1,"Pass217 RFI"},
    {312,-0.97855,-0.20609, 0.00031, 0.20608,-0.97857,-0.00153, 0.00059,-0.00146, 1.00000, -7.1873,-21.6735, -0.0015,0.1,0.1,0.1,0.1,0.1,0.1,"Pass217 RFI"},
    {413,-0.87530,-0.48354, 0.00157, 0.48354,-0.87529, 0.00155, 0.00062, 0.00212, 1.00000,-13.4925,-18.1354, -0.0389,0.1,0.1,0.1,0.1,0.1,0.1,"Pass217 RFI"},
    {414,-0.68383,-0.72963, 0.00104, 0.72966,-0.68383, 0.00105,-0.00002, 0.00148, 1.00000,-18.4651,-13.1931,  0.0084,0.1,0.1,0.1,0.1,0.1,0.1,"Pass217 RFI"},
    {415,-0.41888,-0.90808, 0.00176, 0.90805,-0.41885, 0.00068, 0.00012, 0.00187, 1.00000,-21.5610, -6.8971,  0.0107,0.1,0.1,0.1,0.1,0.1,0.1,"Pass217 RFI"},
    {416,-0.00560,-0.99999, 0.00207, 0.99999,-0.00558, 0.00084,-0.00085, 0.00208, 1.00000,-22.4972, -0.0298,  0.0106,0.1,0.1,0.1,0.1,0.1,0.1,"Pass217 RFI"},
    {417, 0.42490,-0.90525, 0.00233, 0.90525, 0.42491, 0.00060,-0.00157, 0.00187, 1.00000,-21.5564,  6.8923,  0.0078,0.1,0.1,0.1,0.1,0.1,0.1,"Pass217 RFI"},
    {418, 0.67506,-0.73774, 0.00216, 0.73776, 0.67507, 0.00076,-0.00206, 0.00107, 1.00000,-18.4108, 13.1279, -0.0065,0.1,0.1,0.1,0.1,0.1,0.1,"Pass217 RFI"},
    {419, 0.86832,-0.49607, 0.00216, 0.49606, 0.86833, 0.00039,-0.00208, 0.00076, 1.00000,-13.5385, 18.1260, -0.0417,0.1,0.1,0.1,0.1,0.1,0.1,"Pass217 RFI"},
    {120, 0.97569,-0.21909, 0.00186, 0.21911, 0.97569,-0.00168,-0.00147, 0.00202, 0.99999, -7.2176, 21.7168, -0.0069,0.1,0.1,0.1,0.1,0.1,0.1,"Pass217 RFI"}
  };
  St_Survey *tableSet = new St_Survey("SsdLaddersOnSectors",20);
  for (Int_t i = 0; i < 20; i++) tableSet->AddAt(&row[i].Id, i);
  return (TDataSet *)tableSet;
}
