TDataSet *CreateTable() {
  if (!gROOT->GetClass("St_Survey")) return 0;
  Survey_st row[20] = {
    {101, 1.00000,-0.00456, 0.00023, 0.00456, 0.99999,-0.00171,-0.00023, 0.00171, 1.00000,  0.0027, 23.2338, -0.0084,0.1,0.1,0.1,0.1,0.1,0.1,"Pass121 FFE"},
    {102, 0.97880, 0.20481, 0.00016,-0.20481, 0.97880,-0.00096,-0.00035, 0.00090, 1.00000,  7.1934, 21.7236, -0.0275,0.1,0.1,0.1,0.1,0.1,0.1,"Pass121 FFE"},
    {203, 0.87031, 0.49251,-0.00042,-0.49251, 0.87031,-0.00006, 0.00032, 0.00026, 1.00000, 13.4698, 18.1503, -0.0225,0.1,0.1,0.1,0.1,0.1,0.1,"Pass121 FFE"},
    {204, 0.67969, 0.73349, 0.00003,-0.73349, 0.67969, 0.00007, 0.00003,-0.00007, 1.00000, 18.3296, 13.1195, -0.0056,0.1,0.1,0.1,0.1,0.1,0.1,"Pass121 FFE"},
    {205, 0.42448, 0.90545, 0.00009,-0.90545, 0.42448, 0.00024, 0.00019,-0.00018, 1.00000, 21.4905,  6.8990, -0.0032,0.1,0.1,0.1,0.1,0.1,0.1,"Pass121 FFE"},
    {206, 0.00735, 0.99996, 0.00006,-0.99996, 0.00735, 0.00013, 0.00012,-0.00006, 1.00000, 22.3171, -0.0044, -0.0000,0.1,0.1,0.1,0.1,0.1,0.1,"Pass121 FFE"},
    {207,-0.40890, 0.91259, 0.00017,-0.91258,-0.40890, 0.00023, 0.00029,-0.00007, 1.00000, 21.5391, -6.8935,  0.0530,0.1,0.1,0.1,0.1,0.1,0.1,"Pass121 FFE"},
    {208,-0.67076, 0.74168, 0.00057,-0.74167,-0.67075,-0.00376,-0.00239,-0.00293, 0.99999, 18.2038,-13.0665,  0.1599,0.1,0.1,0.1,0.1,0.1,0.1,"Pass121 FFE"},
    {209,-0.86639, 0.49935,-0.00037,-0.49935,-0.86639,-0.00017,-0.00041, 0.00004, 1.00000, 13.4914,-18.1510,  0.0285,0.1,0.1,0.1,0.1,0.1,0.1,"Pass121 FFE"},
    {310,-0.97428, 0.22528,-0.00055,-0.22528,-0.97428,-0.00076,-0.00071,-0.00061, 1.00000,  7.1416,-21.5959,  0.0112,0.1,0.1,0.1,0.1,0.1,0.1,"Pass121 FFE"},
    {311,-1.00000,-0.00103,-0.00019, 0.00103,-1.00000,-0.00100,-0.00019,-0.00101, 1.00000, -0.0042,-23.1147,  0.0045,0.1,0.1,0.1,0.1,0.1,0.1,"Pass121 FFE"},
    {312,-0.97958,-0.20104, 0.00004, 0.20104,-0.97958,-0.00088, 0.00021,-0.00085, 1.00000, -7.1797,-21.6226, -0.0173,0.1,0.1,0.1,0.1,0.1,0.1,"Pass121 FFE"},
    {413,-0.87418,-0.48560, 0.00191, 0.48560,-0.87418, 0.00080, 0.00128, 0.00161, 1.00000,-13.5004,-18.1001, -0.0369,0.1,0.1,0.1,0.1,0.1,0.1,"Pass121 FFE"},
    {414,-0.67815,-0.73494, 0.00114, 0.73494,-0.67815,-0.00075, 0.00132, 0.00032, 1.00000,-18.4312,-13.1721,  0.0172,0.1,0.1,0.1,0.1,0.1,0.1,"Pass121 FFE"},
    {415,-0.42542,-0.90500,-0.00242, 0.90499,-0.42542, 0.00602,-0.00648, 0.00037, 0.99998,-21.5536, -6.8785,  0.0190,0.1,0.1,0.1,0.1,0.1,0.1,"Pass121 FFE"},
    {416, 0.00045,-1.00000, 0.00110, 1.00000, 0.00045,-0.00043, 0.00044, 0.00110, 1.00000,-22.4920, -0.0257,  0.0213,0.1,0.1,0.1,0.1,0.1,0.1,"Pass121 FFE"},
    {417, 0.41921,-0.90789, 0.00091, 0.90788, 0.41921, 0.00004,-0.00043, 0.00082, 1.00000,-21.5242,  6.8889,  0.0182,0.1,0.1,0.1,0.1,0.1,0.1,"Pass121 FFE"},
    {418, 0.67627,-0.73664, 0.00085, 0.73664, 0.67627,-0.00005,-0.00053, 0.00066, 1.00000,-18.3811, 13.1309, -0.0011,0.1,0.1,0.1,0.1,0.1,0.1,"Pass121 FFE"},
    {419, 0.86628,-0.49957, 0.00013, 0.49957, 0.86628, 0.00001,-0.00013, 0.00007, 1.00000,-13.4985, 18.1466, -0.0314,0.1,0.1,0.1,0.1,0.1,0.1,"Pass121 FFE"},
    {120, 0.97479,-0.22313, 0.00042, 0.22313, 0.97478,-0.00188, 0.00002, 0.00194, 0.99999, -7.1646, 21.6839, -0.0111,0.1,0.1,0.1,0.1,0.1,0.1,"Pass121 FFE"}
  };
  St_Survey *tableSet = new St_Survey("SsdLaddersOnSectors",20);
  for (Int_t i = 0; i < 20; i++) tableSet->AddAt(&row[i].Id, i);
  return (TDataSet *)tableSet;
}
