TDataSet *CreateTable() {
  if (!gROOT->GetClass("St_Survey")) return 0;
  Survey_st row[4] = {
    {1,0.99984,0.01808,0.00135,-0.01808,0.99984,0.00022,-0.00135,-0.00024,1.00000,-0.3663, 0.0227,-0.0924,0.00007,0.00004,0.00018,0.00009,0.00000,0.00195,"SSD 1 Pass213 FFA"},
    {2,0.99981,0.01900,0.00350,-0.01900,0.99982,-0.00072,-0.00351,0.00065,0.99999,-0.3749, 0.0415,-0.0684,0.00002,0.00004,0.00001,0.00007,0.00008,0.00097,"SSD 2 Pass213 FFA"},
    {3,0.99976,0.02162,0.00243,-0.02162,0.99977,0.00063,-0.00241,-0.00068,1.00000,-0.3161,-0.0145,-0.1403,0.00000,0.00000,0.00004,0.00010,0.00005,0.00014,"SSD 3 Pass213 FFA"},
    {4,0.99981,0.01971,0.00081,-0.01971,0.99981,-0.00082,-0.00083,0.00080,1.00000,-0.3869, 0.0145,-0.0896,0.00000,0.00004,0.00002,0.00005,0.00007,0.00093,"SSD 4 Pass213 FFA"}
  };
  St_Survey *tableSet = new St_Survey("SsdSectorsOnGlobal",4);
  for (Int_t i = 0; i < 4; i++) tableSet->AddAt(&row[i].Id, i);
  return (TDataSet *)tableSet;
}
