TDataSet *CreateTable() {
  if (!gROOT->GetClass("St_Survey")) return 0;
  Survey_st row[4] = {
    {1,0.99980,0.01982,0.00195,-0.01982,0.99980,0.00038,-0.00194,-0.00042,1.00000,-0.4352, 0.0624,-0.0850,0.00001,0.00000,0.00006,0.00016,0.00010,0.00031,"CuCu200RF SSD 1 Pass121D"},
    {2,0.99983,0.01835,0.00196,-0.01835,0.99983,-0.00057,-0.00197,0.00053,1.00000,-0.3547, 0.0554,-0.0712,0.00000,0.00000,0.00003,0.00043,0.00013,0.00022,"CuCu200RF SSD 2 Pass121D"},
    {3,0.99980,0.01991,0.00276,-0.01991,0.99980,0.00060,-0.00275,-0.00065,1.00000,-0.3693,-0.0358,-0.1287,0.00001,0.00000,0.00006,0.00015,0.00010,0.00030,"CuCu200RF SSD 3 Pass121D"},
    {4,0.99984,0.01785,0.00119,-0.01785,0.99984,0.00001,-0.00119,-0.00003,1.00000,-0.4082, 0.0531,-0.1056,0.00000,0.00001,0.00006,0.00008,0.00009,0.00018,"CuCu200RF SSD 4 Pass121D"}
  };
  St_Survey *tableSet = new St_Survey("SsdSectorsOnGlobal",4);
  for (Int_t i = 0; i < 4; i++) tableSet->AddAt(&row[i].Id, i);
  return (TDataSet *)tableSet;
}
