TDataSet *CreateTable() {
  if (!gROOT->GetClass("St_Survey")) return 0;
  Survey_st row[4] = {
    {1,0.99981,0.01961,0.00142,-0.01961,0.99981,0.00026,-0.00141,-0.00029,1.00000,-0.4477, 0.0469,-0.0883,0.00001,0.00000,0.00019,0.00014,0.00078,0.00029,"CuCu200FF SSD 1 Pass121D"},
    {2,0.99982,0.01895,0.00193,-0.01895,0.99982,-0.00054,-0.00194,0.00050,1.00000,-0.3807, 0.0332,-0.0788,0.00000,0.00000,0.00002,0.00008,0.00010,0.00018,"CuCu200FF SSD 2 Pass121D"},
    {3,0.99980,0.01965,0.00307,-0.01965,0.99981,0.00037,-0.00306,-0.00043,1.00000,-0.3741,-0.0484,-0.1273,0.00001,0.00000,0.00020,0.00014,0.00009,0.00026,"CuCu200FF SSD 3 Pass121D"},
    {4,0.99985,0.01745,0.00132,-0.01745,0.99985,-0.00059,-0.00133,0.00057,1.00000,-0.4245, 0.0200,-0.1084,0.00000,0.00000,0.00006,0.00080,0.00008,0.00015,"CuCu200FF SSD 4 Pass121D"}
  };
  St_Survey *tableSet = new St_Survey("SsdSectorsOnGlobal",4);
  for (Int_t i = 0; i < 4; i++) tableSet->AddAt(&row[i].Id, i);
  return (TDataSet *)tableSet;
}
