TDataSet *CreateTable() {
  if (!gROOT->GetClass("St_Survey")) return 0;
  Survey_st row[4] = {
    {1,0.99983,0.01853,0.00060,-0.01853,0.99983,0.00070,-0.00059,-0.00071,1.00000,-0.3592, 0.0235,-0.0782,0.00002,0.00008,0.00008,0.00016,0.00000,0.00028,"SSD 1 Pass213 RFE"},
    {2,0.99981,0.01913,0.00462,-0.01913,0.99982,-0.00099,-0.00464,0.00090,0.99999,-0.3778, 0.0441,-0.0425,0.00001,0.00007,0.00009,0.00014,0.00012,0.00021,"SSD 2 Pass213 RFE"},
    {3,0.99977,0.02156,0.00136,-0.02156,0.99977,0.00076,-0.00134,-0.00079,1.00000,-0.3269,-0.0120,-0.1364,0.00000,0.00001,0.00028,0.00017,0.00010,0.00029,"SSD 3 Pass213 RFE"},
    {4,0.99980,0.01998,0.00029,-0.01998,0.99980,-0.00114,-0.00031,0.00113,1.00000,-0.3944, 0.0195,-0.0844,0.00000,0.00008,0.00002,0.00038,0.00012,0.00205,"SSD 4 Pass213 RFE"}
  };
  St_Survey *tableSet = new St_Survey("SsdSectorsOnGlobal",4);
  for (Int_t i = 0; i < 4; i++) tableSet->AddAt(&row[i].Id, i);
  return (TDataSet *)tableSet;
}
