TDataSet *CreateTable() {
	if (!gROOT->GetClass("St_Survey")) return 0;
	Survey_st row[4] = {
	{1,0.99979,0.02024,0.00130,-0.02024,0.99979,0.00045,-0.00129,-0.00047,1.00000,-0.4727, 0.0530,-0.0715,0.00000,0.00004,0.00015,0.00994,0.00233,0.00064,"Pass103/065B top sector"},
	{2,0.99982,0.01875,0.00160,-0.01875,0.99982,-0.00042,-0.00161,0.00039,1.00000,-0.3715, 0.0353,-0.0649,0.00001,0.00001,0.00009,0.00011,0.00228,0.00167,"Pass103/065B right sector"},
	{3,0.99979,0.02015,0.00241,-0.02015,0.99980,0.00024,-0.00241,-0.00029,1.00000,-0.3394,-0.0394,-0.1113,0.00001,0.00005,0.00012,0.00824,0.00009,0.00060,"Pass103/065B bottom sector"},
	{4,0.99984,0.01787,0.00099,-0.01787,0.99984,-0.00034,-0.00100,0.00032,1.00000,-0.4105, 0.0362,-0.1012,0.00001,0.00001,0.00009,0.00108,0.00011,0.00030,"Pass103/065B left sector"}
	};
	St_Survey *tableSet = new St_Survey("SsdSectorsOnGlobal",4);
	for (Int_t i = 0; i < 4; i++) tableSet->AddAt(&row[i].Id, i);
	return (TDataSet *)tableSet;
	}
