TDataSet *CreateTable() {
  if (!gROOT->GetClass("St_Survey")) return 0;
  Survey_st row[4] = {
    {1,0.99983,0.01821,0.00182,-0.01821,0.99984,0.00072,-0.00181,-0.00075,1.00000,-0.3648, 0.0227,-0.0798,0.00002,0.00000,0.00028,0.00014,0.00000,0.00028,"SSD 1 Pass207 FFC"},
    {2,0.99982,0.01917,0.00214,-0.01917,0.99982,-0.00084,-0.00216,0.00080,1.00000,-0.3758, 0.0411,-0.0981,0.00000,0.00000,0.00008,0.00013,0.00012,0.00017,"SSD 2 Pass207 FFC"},
    {3,0.99976,0.02192,0.00236,-0.02192,0.99976,0.00065,-0.00234,-0.00070,1.00000,-0.3187,-0.0145,-0.1398,0.00000,0.00000,0.00001,0.00014,0.00009,0.00025,"SSD 3 Pass207 FFC"},
    {4,0.99981,0.01971,0.00137,-0.01971,0.99981,-0.00075,-0.00138,0.00072,1.00000,-0.3864, 0.0144,-0.1022,0.00003,0.00001,0.00001,0.00100,0.00010,0.00151,"SSD 4 Pass207 FFC"}
  };
  St_Survey *tableSet = new St_Survey("SsdSectorsOnGlobal",4);
  for (Int_t i = 0; i < 4; i++) tableSet->AddAt(&row[i].Id, i);
  return (TDataSet *)tableSet;
}
