TDataSet *CreateTable() { 
// -----------------------------------------------------------------
// 
// Positioning of the SSD wafers in the STAR global coordinate system
  if (!gROOT->GetClass("St_Survey")) return 0;
  Survey_st row[320] = {
    {7101,  0.999838, 0.018000, 0.000052, -0.018000, 0.999838, -0.000001, -0.000052, 0.000000, 1.000000, 0.017286, 23.194956, -32.715900, 0.100000, 0.100000, 0.100000, 0.002000, 0.100000, 0.002000,"        From the ladder survey"},
    {7201,  0.999838, 0.018000, 0.000297, -0.018000, 0.999838, -0.000005, -0.000297, 0.000000, 1.000000, 0.017886, 23.194945, -28.365600, 0.100000, 0.100000, 0.100000, 0.002000, 0.100000, 0.002000,"        From the ladder survey"},
    {7301,  0.999838, 0.018000, 0.000279, -0.018000, 0.999838, -0.000005, -0.000279, 0.000000, 1.000000, 0.017986, 23.194943, -24.015600, 0.100000, 0.100000, 0.100000, 0.002000, 0.100000, 0.002000,"        From the ladder survey"},
    {7401,  0.999838, 0.018000, 0.000070, -0.018000, 0.999838, -0.000001, -0.000070, 0.000000, 1.000000, 0.017986, 23.194943, -19.666300, 0.100000, 0.100000, 0.100000, 0.002000, 0.100000, 0.002000,"        From the ladder survey"},
    {7501,  0.999838, 0.018000, 0.000192, -0.018000, 0.999838, -0.000003, -0.000192, 0.000000, 1.000000, 0.017086, 23.194959, -15.316300, 0.100000, 0.100000, 0.100000, 0.002000, 0.100000, 0.002000,"        From the ladder survey"},
    {7601,  0.999838, 0.018000, 0.000279, -0.018000, 0.999838, -0.000005, -0.000279, 0.000000, 1.000000, 0.017486, 23.194952, -10.966700, 0.100000, 0.100000, 0.100000, 0.002000, 0.100000, 0.002000,"        From the ladder survey"},
    {7701,  0.999838, 0.018000, 0.000524, -0.018000, 0.999838, -0.000009, -0.000524, 0.000000, 1.000000, 0.017586, 23.194950, -6.615000, 0.100000, 0.100000, 0.100000, 0.002000, 0.100000, 0.002000,"        From the ladder survey"},
    {7801,  0.999838, 0.018000, -0.000244, -0.018000, 0.999838, 0.000004, 0.000244, 0.000000, 1.000000, 0.018086, 23.194941, -2.264000, 0.100000, 0.100000, 0.100000, 0.002000, 0.100000, 0.002000,"        From the ladder survey"},
    {7901,  0.999838, 0.018000, 0.000070, -0.018000, 0.999838, -0.000001, -0.000070, 0.000000, 1.000000, 0.018186, 23.194940, 2.083300, 0.100000, 0.100000, 0.100000, 0.002000, 0.100000, 0.002000,"        From the ladder survey"},
    {8001,  0.999838, 0.018000, 0.000244, -0.018000, 0.999838, -0.000004, -0.000244, 0.000000, 1.000000, 0.018086, 23.194941, 6.433900, 0.100000, 0.100000, 0.100000, 0.002000, 0.100000, 0.002000,"        From the ladder survey"},
    {8101,  0.999838, 0.018000, -0.000244, -0.018000, 0.999838, 0.000004, 0.000244, 0.000000, 1.000000, 0.017586, 23.194950, 10.785200, 0.100000, 0.100000, 0.100000, 0.002000, 0.100000, 0.002000,"        From the ladder survey"},
    {8201,  0.999838, 0.018000, 0.000017, -0.018000, 0.999838, -0.000000, -0.000017, 0.000000, 1.000000, 0.017886, 23.194945, 15.133000, 0.100000, 0.100000, 0.100000, 0.002000, 0.100000, 0.002000,"        From the ladder survey"},
    {8301,  0.999838, 0.018000, 0.000087, -0.018000, 0.999838, -0.000002, -0.000087, 0.000000, 1.000000, 0.018186, 23.194940, 19.484900, 0.100000, 0.100000, 0.100000, 0.002000, 0.100000, 0.002000,"        From the ladder survey"},
    {8401,  0.999837, 0.018000, -0.001291, -0.018000, 0.999838, 0.000023, 0.001291, 0.000000, 0.999999, 0.018886, 23.194927, 23.828100, 0.100000, 0.100000, 0.100000, 0.002000, 0.100000, 0.002000,"        From the ladder survey"},
    {8501,  0.999838, 0.018000, -0.000279, -0.018000, 0.999838, 0.000005, 0.000279, 0.000000, 1.000000, 0.018286, 23.194938, 28.193400, 0.100000, 0.100000, 0.100000, 0.002000, 0.100000, 0.002000,"        From the ladder survey"},
    {8601,  0.999838, 0.018000, -0.000454, -0.018000, 0.999838, 0.000008, 0.000454, 0.000000, 1.000000, 0.017886, 23.194945, 32.543500, 0.100000, 0.100000, 0.100000, 0.002000, 0.100000, 0.002000,"        From the ladder survey"},
    {7102,  0.973053, 0.230582, -0.000425, -0.230582, 0.973053, 0.000101, 0.000436, 0.000000, 1.000000, 7.151133, 21.535539, -32.714800, 0.100000, 0.100000, 0.100000, 0.002000, 0.100000, 0.002000,"        From the ladder survey"},
    {7202,  0.973053, 0.230582, -0.000204, -0.230582, 0.973053, 0.000048, 0.000209, 0.000000, 1.000000, 7.150939, 21.535585, -28.364300, 0.100000, 0.100000, 0.100000, 0.002000, 0.100000, 0.002000,"        From the ladder survey"},
    {7302,  0.973053, 0.230582, -0.000289, -0.230582, 0.973053, 0.000068, 0.000297, 0.000000, 1.000000, 7.148798, 21.536092, -24.015500, 0.100000, 0.100000, 0.100000, 0.002000, 0.100000, 0.002000,"        From the ladder survey"},
    {7402,  0.973053, 0.230582, -0.000068, -0.230582, 0.973053, 0.000016, 0.000070, 0.000000, 1.000000, 7.142668, 21.537545, -19.670300, 0.100000, 0.100000, 0.100000, 0.002000, 0.100000, 0.002000,"        From the ladder survey"},
    {7502,  0.973053, 0.230582, 0.000000, -0.230582, 0.973053, 0.000000, 0.000000, 0.000000, 1.000000, 7.148701, 21.536115, -15.314100, 0.100000, 0.100000, 0.100000, 0.002000, 0.100000, 0.002000,"        From the ladder survey"},
    {7602,  0.973053, 0.230582, 0.000153, -0.230582, 0.973053, -0.000036, -0.000157, 0.000000, 1.000000, 7.146949, 21.536530, -10.964900, 0.100000, 0.100000, 0.100000, 0.002000, 0.100000, 0.002000,"        From the ladder survey"},
    {7702,  0.973053, 0.230582, -0.000102, -0.230582, 0.973053, 0.000024, 0.000105, 0.000000, 1.000000, 7.147144, 21.536484, -6.615000, 0.100000, 0.100000, 0.100000, 0.002000, 0.100000, 0.002000,"        From the ladder survey"},
    {7802,  0.973053, 0.230582, 0.000204, -0.230582, 0.973053, -0.000048, -0.000209, 0.000000, 1.000000, 7.148214, 21.536231, -2.266900, 0.100000, 0.100000, 0.100000, 0.002000, 0.100000, 0.002000,"        From the ladder survey"},
    {7902,  0.973053, 0.230582, 0.000068, -0.230582, 0.973053, -0.000016, -0.000070, 0.000000, 1.000000, 7.147825, 21.536323, 2.082800, 0.100000, 0.100000, 0.100000, 0.002000, 0.100000, 0.002000,"        From the ladder survey"},
    {8002,  0.973053, 0.230582, -0.000085, -0.230582, 0.973053, 0.000020, 0.000087, 0.000000, 1.000000, 7.147144, 21.536484, 6.436100, 0.100000, 0.100000, 0.100000, 0.002000, 0.100000, 0.002000,"        From the ladder survey"},
    {8102,  0.973053, 0.230582, -0.000085, -0.230582, 0.973053, 0.000020, 0.000087, 0.000000, 1.000000, 7.147825, 21.536323, 10.786200, 0.100000, 0.100000, 0.100000, 0.002000, 0.100000, 0.002000,"        From the ladder survey"},
    {8202,  0.973053, 0.230582, 0.000136, -0.230582, 0.973053, -0.000032, -0.000140, 0.000000, 1.000000, 7.148214, 21.536231, 15.135400, 0.100000, 0.100000, 0.100000, 0.002000, 0.100000, 0.002000,"        From the ladder survey"},
    {8302,  0.973053, 0.230582, 0.000221, -0.230582, 0.973053, -0.000052, -0.000227, 0.000000, 1.000000, 7.148409, 21.536185, 19.486200, 0.100000, 0.100000, 0.100000, 0.002000, 0.100000, 0.002000,"        From the ladder survey"},
    {8402,  0.973053, 0.230582, 0.000238, -0.230582, 0.973053, -0.000056, -0.000244, 0.000000, 1.000000, 7.148895, 21.536069, 23.835800, 0.100000, 0.100000, 0.100000, 0.002000, 0.100000, 0.002000,"        From the ladder survey"},
    {8502,  0.973053, 0.230582, 0.000119, -0.230582, 0.973053, -0.000028, -0.000122, 0.000000, 1.000000, 7.148895, 21.536069, 28.185500, 0.100000, 0.100000, 0.100000, 0.002000, 0.100000, 0.002000,"        From the ladder survey"},
    {8602,  0.973053, 0.230582, 0.000136, -0.230582, 0.973053, -0.000032, -0.000140, 0.000000, 1.000000, 7.149674, 21.535885, 32.537800, 0.100000, 0.100000, 0.100000, 0.002000, 0.100000, 0.002000,"        From the ladder survey"},
    {7103,  0.860463, 0.509513, -0.000045, -0.509513, 0.860463, 0.000027, 0.000052, 0.000000, 1.000000, 13.520841, 18.078856, -32.717500, 0.100000, 0.100000, 0.100000, 0.002000, 0.100000, 0.002000,"        From the ladder survey"},
    {7203,  0.860463, 0.509513, -0.000150, -0.509513, 0.860463, 0.000089, 0.000175, 0.000000, 1.000000, 13.521271, 18.078601, -28.368800, 0.100000, 0.100000, 0.100000, 0.002000, 0.100000, 0.002000,"        From the ladder survey"},
    {7303,  0.860463, 0.509513, 0.000030, -0.509513, 0.860463, -0.000018, -0.000035, 0.000000, 1.000000, 13.520583, 18.079009, -24.016400, 0.100000, 0.100000, 0.100000, 0.002000, 0.100000, 0.002000,"        From the ladder survey"},
    {7403,  0.860463, 0.509513, -0.000150, -0.509513, 0.860463, 0.000089, 0.000175, 0.000000, 1.000000, 13.521701, 18.078347, -19.665800, 0.100000, 0.100000, 0.100000, 0.002000, 0.100000, 0.002000,"        From the ladder survey"},
    {7503,  0.860463, 0.509513, -0.000075, -0.509513, 0.860463, 0.000044, 0.000087, 0.000000, 1.000000, 13.522389, 18.077939, -15.315200, 0.100000, 0.100000, 0.100000, 0.002000, 0.100000, 0.002000,"        From the ladder survey"},
    {7603,  0.860463, 0.509513, -0.000090, -0.509513, 0.860463, 0.000053, 0.000105, 0.000000, 1.000000, 13.522303, 18.077990, -10.969200, 0.100000, 0.100000, 0.100000, 0.002000, 0.100000, 0.002000,"        From the ladder survey"},
    {7703,  0.860463, 0.509513, -0.000120, -0.509513, 0.860463, 0.000071, 0.000140, 0.000000, 1.000000, 13.522648, 18.077786, -6.616300, 0.100000, 0.100000, 0.100000, 0.002000, 0.100000, 0.002000,"        From the ladder survey"},
    {7803,  0.860463, 0.509513, -0.000030, -0.509513, 0.860463, 0.000018, 0.000035, 0.000000, 1.000000, 13.522734, 18.077735, -2.265100, 0.100000, 0.100000, 0.100000, 0.002000, 0.100000, 0.002000,"        From the ladder survey"},
    {7903,  0.860463, 0.509513, 0.000000, -0.509513, 0.860463, 0.000000, 0.000000, 0.000000, 1.000000, 13.522906, 18.077633, 2.086400, 0.100000, 0.100000, 0.100000, 0.002000, 0.100000, 0.002000,"        From the ladder survey"},
    {8003,  0.860463, 0.509513, 0.000105, -0.509513, 0.860463, -0.000062, -0.000122, 0.000000, 1.000000, 13.522906, 18.077633, 6.438500, 0.100000, 0.100000, 0.100000, 0.002000, 0.100000, 0.002000,"        From the ladder survey"},
    {8103,  0.860463, 0.509513, 0.000405, -0.509513, 0.860463, -0.000240, -0.000471, 0.000000, 1.000000, 13.522131, 18.078092, 10.784600, 0.100000, 0.100000, 0.100000, 0.002000, 0.100000, 0.002000,"        From the ladder survey"},
    {8203,  0.860463, 0.509513, 0.000375, -0.509513, 0.860463, -0.000222, -0.000436, 0.000000, 1.000000, 13.522217, 18.078041, 15.136000, 0.100000, 0.100000, 0.100000, 0.002000, 0.100000, 0.002000,"        From the ladder survey"},
    {8303,  0.860463, 0.509513, -0.000075, -0.509513, 0.860463, 0.000044, 0.000087, 0.000000, 1.000000, 13.521271, 18.078601, 19.484800, 0.100000, 0.100000, 0.100000, 0.002000, 0.100000, 0.002000,"        From the ladder survey"},
    {8403,  0.860463, 0.509513, 0.000150, -0.509513, 0.860463, -0.000089, -0.000175, 0.000000, 1.000000, 13.521787, 18.078296, 23.837200, 0.100000, 0.100000, 0.100000, 0.002000, 0.100000, 0.002000,"        From the ladder survey"},
    {8503,  0.860463, 0.509513, 0.000255, -0.509513, 0.860463, -0.000151, -0.000297, 0.000000, 1.000000, 13.520927, 18.078805, 28.186800, 0.100000, 0.100000, 0.100000, 0.002000, 0.100000, 0.002000,"        From the ladder survey"},
    {8603,  0.860463, 0.509513, -0.000601, -0.509513, 0.860463, 0.000356, 0.000698, 0.000000, 1.000000, 13.521357, 18.078550, 32.540100, 0.100000, 0.100000, 0.100000, 0.002000, 0.100000, 0.002000,"        From the ladder survey"},
    {7104,  0.663517, 0.748162, 0.000081, -0.748161, 0.663517, -0.000091, -0.000122, 0.000000, 1.000000, 18.375101, 12.958478, -32.718000, 0.100000, 0.100000, 0.100000, 0.002000, 0.100000, 0.002000,"        From the ladder survey"},
    {7204,  0.663517, 0.748162, 0.000139, -0.748161, 0.663517, -0.000157, -0.000209, 0.000000, 1.000000, 18.375233, 12.958329, -28.367500, 0.100000, 0.100000, 0.100000, 0.002000, 0.100000, 0.002000,"        From the ladder survey"},
    {7304,  0.663517, 0.748162, 0.000012, -0.748162, 0.663517, -0.000013, -0.000017, 0.000000, 1.000000, 18.376295, 12.957132, -24.008700, 0.100000, 0.100000, 0.100000, 0.002000, 0.100000, 0.002000,"        From the ladder survey"},
    {7404,  0.663517, 0.748162, 0.000290, -0.748161, 0.663517, -0.000326, -0.000436, 0.000000, 1.000000, 18.376162, 12.957281, -19.655500, 0.100000, 0.100000, 0.100000, 0.002000, 0.100000, 0.002000,"        From the ladder survey"},
    {7504,  0.663517, 0.748162, 0.000000, -0.748162, 0.663517, 0.000000, 0.000000, 0.000000, 1.000000, 18.375233, 12.958329, -15.304800, 0.100000, 0.100000, 0.100000, 0.002000, 0.100000, 0.002000,"        From the ladder survey"},
    {7604,  0.663517, 0.748162, -0.000104, -0.748161, 0.663517, 0.000118, 0.000157, 0.000000, 1.000000, 18.375101, 12.958478, -10.965900, 0.100000, 0.100000, 0.100000, 0.002000, 0.100000, 0.002000,"        From the ladder survey"},
    {7704,  0.663517, 0.748162, -0.000185, -0.748161, 0.663517, 0.000209, 0.000279, 0.000000, 1.000000, 18.374636, 12.959002, -6.616000, 0.100000, 0.100000, 0.100000, 0.002000, 0.100000, 0.002000,"        From the ladder survey"},
    {7804,  0.663517, 0.748162, 0.000035, -0.748162, 0.663517, -0.000039, -0.000052, 0.000000, 1.000000, 18.375366, 12.958179, -2.266600, 0.100000, 0.100000, 0.100000, 0.002000, 0.100000, 0.002000,"        From the ladder survey"},
    {7904,  0.663517, 0.748162, 0.000012, -0.748162, 0.663517, -0.000013, -0.000017, 0.000000, 1.000000, 18.375366, 12.958179, 2.083100, 0.100000, 0.100000, 0.100000, 0.002000, 0.100000, 0.002000,"        From the ladder survey"},
    {8004,  0.663517, 0.748162, -0.000255, -0.748161, 0.663517, 0.000287, 0.000384, 0.000000, 1.000000, 18.375101, 12.958478, 6.429600, 0.100000, 0.100000, 0.100000, 0.002000, 0.100000, 0.002000,"        From the ladder survey"},
    {8104,  0.663517, 0.748162, -0.000139, -0.748161, 0.663517, 0.000157, 0.000209, 0.000000, 1.000000, 18.374968, 12.958628, 10.784100, 0.100000, 0.100000, 0.100000, 0.002000, 0.100000, 0.002000,"        From the ladder survey"},
    {8204,  0.663517, 0.748162, -0.000081, -0.748161, 0.663517, 0.000091, 0.000122, 0.000000, 1.000000, 18.375432, 12.958104, 15.130600, 0.100000, 0.100000, 0.100000, 0.002000, 0.100000, 0.002000,"        From the ladder survey"},
    {8304,  0.663517, 0.748162, -0.000127, -0.748161, 0.663517, 0.000144, 0.000192, 0.000000, 1.000000, 18.374968, 12.958628, 19.482000, 0.100000, 0.100000, 0.100000, 0.002000, 0.100000, 0.002000,"        From the ladder survey"},
    {8404,  0.663517, 0.748162, 0.000347, -0.748161, 0.663517, -0.000392, -0.000524, 0.000000, 1.000000, 18.374968, 12.958628, 23.831900, 0.100000, 0.100000, 0.100000, 0.002000, 0.100000, 0.002000,"        From the ladder survey"},
    {8504,  0.663517, 0.748162, -0.000266, -0.748161, 0.663517, 0.000300, 0.000401, 0.000000, 1.000000, 18.374968, 12.958628, 28.186900, 0.100000, 0.100000, 0.100000, 0.002000, 0.100000, 0.002000,"        From the ladder survey"},
    {8604,  0.663517, 0.748162, 0.000232, -0.748161, 0.663517, -0.000261, -0.000349, 0.000000, 1.000000, 18.375764, 12.957730, 32.534800, 0.100000, 0.100000, 0.100000, 0.002000, 0.100000, 0.002000,"        From the ladder survey"},
    {7105,  0.403044, 0.915180, 0.000035, -0.915181, 0.403044, -0.000080, -0.000087, 0.000000, 1.000000, 21.431705, 6.598387, -32.711400, 0.100000, 0.100000, 0.100000, 0.002000, 0.100000, 0.002000,"        From the ladder survey"},
    {7205,  0.403044, 0.915180, 0.000035, -0.915181, 0.403044, -0.000080, -0.000087, 0.000000, 1.000000, 21.431342, 6.599211, -28.362200, 0.100000, 0.100000, 0.100000, 0.002000, 0.100000, 0.002000,"        From the ladder survey"},
    {7305,  0.403044, 0.915180, 0.000000, -0.915181, 0.403044, 0.000000, 0.000000, 0.000000, 1.000000, 21.431463, 6.598936, -24.013100, 0.100000, 0.100000, 0.100000, 0.002000, 0.100000, 0.002000,"        From the ladder survey"},
    {7405,  0.403044, 0.915180, 0.000007, -0.915181, 0.403044, -0.000016, -0.000017, 0.000000, 1.000000, 21.431261, 6.599394, -19.664900, 0.100000, 0.100000, 0.100000, 0.002000, 0.100000, 0.002000,"        From the ladder survey"},
    {7505,  0.403044, 0.915180, 0.000056, -0.915180, 0.403044, -0.000128, -0.000140, 0.000000, 1.000000, 21.431664, 6.598479, -15.318200, 0.100000, 0.100000, 0.100000, 0.002000, 0.100000, 0.002000,"        From the ladder survey"},
    {7605,  0.403044, 0.915180, 0.000014, -0.915181, 0.403044, -0.000032, -0.000035, 0.000000, 1.000000, 21.431100, 6.599760, -10.962200, 0.100000, 0.100000, 0.100000, 0.002000, 0.100000, 0.002000,"        From the ladder survey"},
    {7705,  0.403044, 0.915180, 0.000014, -0.915181, 0.403044, -0.000032, -0.000035, 0.000000, 1.000000, 21.430133, 6.601957, -6.620000, 0.100000, 0.100000, 0.100000, 0.002000, 0.100000, 0.002000,"        From the ladder survey"},
    {7805,  0.403044, 0.915180, 0.000021, -0.915181, 0.403044, -0.000048, -0.000052, 0.000000, 1.000000, 21.430939, 6.600126, -2.262600, 0.100000, 0.100000, 0.100000, 0.002000, 0.100000, 0.002000,"        From the ladder survey"},
    {7905,  0.403044, 0.915180, 0.000021, -0.915181, 0.403044, -0.000048, -0.000052, 0.000000, 1.000000, 21.431100, 6.599760, 2.086800, 0.100000, 0.100000, 0.100000, 0.002000, 0.100000, 0.002000,"        From the ladder survey"},
    {8005,  0.403044, 0.915180, 0.000049, -0.915181, 0.403044, -0.000112, -0.000122, 0.000000, 1.000000, 21.431140, 6.599669, 6.435800, 0.100000, 0.100000, 0.100000, 0.002000, 0.100000, 0.002000,"        From the ladder survey"},
    {8105,  0.403044, 0.915180, -0.000098, -0.915180, 0.403044, 0.000224, 0.000244, 0.000000, 1.000000, 21.430858, 6.600309, 10.782800, 0.100000, 0.100000, 0.100000, 0.002000, 0.100000, 0.002000,"        From the ladder survey"},
    {8205,  0.403044, 0.915180, -0.000014, -0.915181, 0.403044, 0.000032, 0.000035, 0.000000, 1.000000, 21.431382, 6.599119, 15.132400, 0.100000, 0.100000, 0.100000, 0.002000, 0.100000, 0.002000,"        From the ladder survey"},
    {8305,  0.403044, 0.915180, 0.000021, -0.915181, 0.403044, -0.000048, -0.000052, 0.000000, 1.000000, 21.431261, 6.599394, 19.485300, 0.100000, 0.100000, 0.100000, 0.002000, 0.100000, 0.002000,"        From the ladder survey"},
    {8405,  0.403044, 0.915180, 0.000021, -0.915181, 0.403044, -0.000048, -0.000052, 0.000000, 1.000000, 21.431060, 6.599852, 23.833500, 0.100000, 0.100000, 0.100000, 0.002000, 0.100000, 0.002000,"        From the ladder survey"},
    {8505,  0.403044, 0.915180, -0.000021, -0.915181, 0.403044, 0.000048, 0.000052, 0.000000, 1.000000, 21.431100, 6.599760, 28.181700, 0.100000, 0.100000, 0.100000, 0.002000, 0.100000, 0.002000,"        From the ladder survey"},
    {8605,  0.403044, 0.915180, -0.000155, -0.915180, 0.403044, 0.000351, 0.000384, 0.000000, 1.000000, 21.430657, 6.600767, 32.536500, 0.100000, 0.100000, 0.100000, 0.002000, 0.100000, 0.002000,"        From the ladder survey"},
    {7106,  -0.018000, 0.999838, 0.000067, -0.999831, -0.018000, 0.003734, 0.003735, 0.000000, 0.999993, 22.097055, -0.383299, -32.701400, 0.100000, 0.100000, 0.100000, 0.002000, 0.100000, 0.002000,"        From the ladder survey"},
    {7206,  -0.018000, 0.999838, -0.000007, -0.999838, -0.018000, -0.000401, -0.000401, 0.000000, 1.000000, 22.097062, -0.382899, -28.363900, 0.100000, 0.100000, 0.100000, 0.002000, 0.100000, 0.002000,"        From the ladder survey"},
    {7306,  -0.018000, 0.999838, -0.000009, -0.999838, -0.018000, -0.000506, -0.000506, 0.000000, 1.000000, 22.097076, -0.382099, -24.015400, 0.100000, 0.100000, 0.100000, 0.002000, 0.100000, 0.002000,"        From the ladder survey"},
    {7406,  -0.018000, 0.999838, 0.000069, -0.999831, -0.018000, 0.003839, 0.003840, 0.000000, 0.999993, 22.097091, -0.381300, -19.651800, 0.100000, 0.100000, 0.100000, 0.002000, 0.100000, 0.002000,"        From the ladder survey"},
    {7506,  -0.018000, 0.999838, -0.000010, -0.999838, -0.018000, -0.000541, -0.000541, 0.000000, 1.000000, 22.097051, -0.383499, -15.315100, 0.100000, 0.100000, 0.100000, 0.002000, 0.100000, 0.002000,"        From the ladder survey"},
    {7606,  -0.018000, 0.999838, -0.000010, -0.999838, -0.018000, -0.000576, -0.000576, 0.000000, 1.000000, 22.097078, -0.381999, -10.990400, 0.100000, 0.100000, 0.100000, 0.002000, 0.100000, 0.002000,"        From the ladder survey"},
    {7706,  -0.018000, 0.999838, -0.000006, -0.999838, -0.018000, -0.000332, -0.000332, 0.000000, 1.000000, 22.097075, -0.382199, -6.615600, 0.100000, 0.100000, 0.100000, 0.002000, 0.100000, 0.002000,"        From the ladder survey"},
    {7806,  -0.018000, 0.999838, -0.000014, -0.999838, -0.018000, -0.000785, -0.000785, 0.000000, 1.000000, 22.097075, -0.382199, -2.268000, 0.100000, 0.100000, 0.100000, 0.002000, 0.100000, 0.002000,"        From the ladder survey"},
    {7906,  -0.018000, 0.999838, -0.000011, -0.999838, -0.018000, -0.000611, -0.000611, 0.000000, 1.000000, 22.097075, -0.382199, 2.085700, 0.100000, 0.100000, 0.100000, 0.002000, 0.100000, 0.002000,"        From the ladder survey"},
    {8006,  -0.018000, 0.999838, -0.000008, -0.999838, -0.018000, -0.000471, -0.000471, 0.000000, 1.000000, 22.096968, -0.388098, 6.433900, 0.100000, 0.100000, 0.100000, 0.002000, 0.100000, 0.002000,"        From the ladder survey"},
    {8106,  -0.018000, 0.999838, -0.000008, -0.999838, -0.018000, -0.000436, -0.000436, 0.000000, 1.000000, 22.097084, -0.381699, 10.783200, 0.100000, 0.100000, 0.100000, 0.002000, 0.100000, 0.002000,"        From the ladder survey"},
    {8206,  -0.018000, 0.999838, -0.000009, -0.999838, -0.018000, -0.000506, -0.000506, 0.000000, 1.000000, 22.097062, -0.382899, 15.135900, 0.100000, 0.100000, 0.100000, 0.002000, 0.100000, 0.002000,"        From the ladder survey"},
    {8306,  -0.018000, 0.999838, -0.000010, -0.999838, -0.018000, -0.000576, -0.000576, 0.000000, 1.000000, 22.097053, -0.383399, 19.485500, 0.100000, 0.100000, 0.100000, 0.002000, 0.100000, 0.002000,"        From the ladder survey"},
    {8406,  -0.018000, 0.999838, -0.000009, -0.999838, -0.018000, -0.000489, -0.000489, 0.000000, 1.000000, 22.096945, -0.389398, 23.833900, 0.100000, 0.100000, 0.100000, 0.002000, 0.100000, 0.002000,"        From the ladder survey"},
    {8506,  -0.018000, 0.999838, -0.000012, -0.999838, -0.018000, -0.000646, -0.000646, 0.000000, 1.000000, 22.097076, -0.382099, 28.185600, 0.100000, 0.100000, 0.100000, 0.002000, 0.100000, 0.002000,"        From the ladder survey"},
    {8606,  -0.018000, 0.999838, -0.000013, -0.999838, -0.018000, -0.000698, -0.000698, 0.000000, 1.000000, 22.097048, -0.383699, 32.537500, 0.100000, 0.100000, 0.100000, 0.002000, 0.100000, 0.002000,"        From the ladder survey"},
    {7107,  -0.435724, 0.900080, -0.000494, -0.900080, -0.435724, -0.001021, -0.001135, 0.000000, 0.999999, 21.180705, -7.336783, -32.715100, 0.100000, 0.100000, 0.100000, 0.002000, 0.100000, 0.002000,"        From the ladder survey"},
    {7207,  -0.435724, 0.900080, -0.000449, -0.900080, -0.435724, -0.000927, -0.001030, 0.000000, 0.999999, 21.180661, -7.336873, -28.363700, 0.100000, 0.100000, 0.100000, 0.002000, 0.100000, 0.002000,"        From the ladder survey"},
    {7307,  -0.435724, 0.900080, 0.000555, -0.900079, -0.435724, 0.001147, 0.001274, 0.000000, 0.999999, 21.180269, -7.337683, -24.022500, 0.100000, 0.100000, 0.100000, 0.002000, 0.100000, 0.002000,"        From the ladder survey"},
    {7407,  -0.435724, 0.900080, -0.000403, -0.900080, -0.435724, -0.000833, -0.000925, 0.000000, 1.000000, 21.180574, -7.337053, -19.666500, 0.100000, 0.100000, 0.100000, 0.002000, 0.100000, 0.002000,"        From the ladder survey"},
    {7507,  -0.435724, 0.900080, -0.000190, -0.900080, -0.435724, -0.000393, -0.000436, 0.000000, 1.000000, 21.181359, -7.335433, -15.317400, 0.100000, 0.100000, 0.100000, 0.002000, 0.100000, 0.002000,"        From the ladder survey"},
    {7607,  -0.435724, 0.900080, -0.000327, -0.900080, -0.435724, -0.000676, -0.000750, 0.000000, 1.000000, 21.181054, -7.336063, -10.962600, 0.100000, 0.100000, 0.100000, 0.002000, 0.100000, 0.002000,"        From the ladder survey"},
    {7707,  -0.435724, 0.900080, 0.000304, -0.900080, -0.435724, 0.000628, 0.000698, 0.000000, 1.000000, 21.181271, -7.335613, -6.618400, 0.100000, 0.100000, 0.100000, 0.002000, 0.100000, 0.002000,"        From the ladder survey"},
    {7807,  -0.435714, 0.900080, 0.003027, -0.900058, -0.435724, 0.006252, 0.006946, 0.000000, 0.999976, 21.174082, -7.350464, -2.290800, 0.100000, 0.100000, 0.100000, 0.002000, 0.100000, 0.002000,"        From the ladder survey"},
    {7907,  -0.435724, 0.900080, -0.000517, -0.900080, -0.435724, -0.001068, -0.001187, 0.000000, 0.999999, 21.180705, -7.336783, 2.084400, 0.100000, 0.100000, 0.100000, 0.002000, 0.100000, 0.002000,"        From the ladder survey"},
    {8007,  -0.435724, 0.900080, 0.000350, -0.900080, -0.435724, 0.000723, 0.000803, 0.000000, 1.000000, 21.181576, -7.334983, 6.432600, 0.100000, 0.100000, 0.100000, 0.002000, 0.100000, 0.002000,"        From the ladder survey"},
    {8107,  -0.435724, 0.900080, -0.000586, -0.900079, -0.435724, -0.001210, -0.001344, 0.000000, 0.999999, 21.180400, -7.337413, 10.786200, 0.100000, 0.100000, 0.100000, 0.002000, 0.100000, 0.002000,"        From the ladder survey"},
    {8207,  -0.435724, 0.900080, -0.000319, -0.900080, -0.435724, -0.000660, -0.000733, 0.000000, 1.000000, 21.180226, -7.337773, 15.136500, 0.100000, 0.100000, 0.100000, 0.002000, 0.100000, 0.002000,"        From the ladder survey"},
    {8307,  -0.435724, 0.900080, -0.000327, -0.900080, -0.435724, -0.000676, -0.000750, 0.000000, 1.000000, 21.180400, -7.337413, 19.485000, 0.100000, 0.100000, 0.100000, 0.002000, 0.100000, 0.002000,"        From the ladder survey"},
    {8407,  -0.435724, 0.900080, -0.000631, -0.900079, -0.435724, -0.001304, -0.001449, 0.000000, 0.999999, 21.180444, -7.337323, 23.838400, 0.100000, 0.100000, 0.100000, 0.002000, 0.100000, 0.002000,"        From the ladder survey"},
    {8507,  -0.435724, 0.900080, 0.000076, -0.900080, -0.435724, 0.000157, 0.000175, 0.000000, 1.000000, 21.179267, -7.339753, 28.198600, 0.100000, 0.100000, 0.100000, 0.002000, 0.100000, 0.002000,"        From the ladder survey"},
    {8607,  -0.435724, 0.900080, -0.000068, -0.900080, -0.435724, -0.000141, -0.000157, 0.000000, 1.000000, 21.180618, -7.336963, 32.555400, 0.100000, 0.100000, 0.100000, 0.002000, 0.100000, 0.002000,"        From the ladder survey"},
    {7108,  -0.690016, 0.723794, -0.000120, -0.723794, -0.690016, -0.000126, -0.000175, 0.000000, 1.000000, 17.897286, -13.582463, -32.716800, 0.100000, 0.100000, 0.100000, 0.002000, 0.100000, 0.002000,"        From the ladder survey"},
    {7208,  -0.690016, 0.723794, 0.000024, -0.723794, -0.690016, 0.000025, 0.000035, 0.000000, 1.000000, 17.896803, -13.582969, -28.367800, 0.100000, 0.100000, 0.100000, 0.002000, 0.100000, 0.002000,"        From the ladder survey"},
    {7308,  -0.690016, 0.723794, -0.000108, -0.723794, -0.690016, -0.000114, -0.000157, 0.000000, 1.000000, 17.897079, -13.582680, -24.018300, 0.100000, 0.100000, 0.100000, 0.002000, 0.100000, 0.002000,"        From the ladder survey"},
    {7408,  -0.690016, 0.723794, -0.000024, -0.723794, -0.690016, -0.000025, -0.000035, 0.000000, 1.000000, 17.897424, -13.582318, -19.669100, 0.100000, 0.100000, 0.100000, 0.002000, 0.100000, 0.002000,"        From the ladder survey"},
    {7508,  -0.690016, 0.723794, -0.000036, -0.723794, -0.690016, -0.000038, -0.000052, 0.000000, 1.000000, 17.898252, -13.581449, -15.317400, 0.100000, 0.100000, 0.100000, 0.002000, 0.100000, 0.002000,"        From the ladder survey"},
    {7608,  -0.690016, 0.723794, 0.000289, -0.723794, -0.690016, 0.000303, 0.000419, 0.000000, 1.000000, 17.897286, -13.582463, -10.963600, 0.100000, 0.100000, 0.100000, 0.002000, 0.100000, 0.002000,"        From the ladder survey"},
    {7708,  -0.690016, 0.723794, 0.000096, -0.723794, -0.690016, 0.000101, 0.000140, 0.000000, 1.000000, 17.897079, -13.582680, -6.619500, 0.100000, 0.100000, 0.100000, 0.002000, 0.100000, 0.002000,"        From the ladder survey"},
    {7808,  -0.690016, 0.723794, -0.000072, -0.723794, -0.690016, -0.000076, -0.000105, 0.000000, 1.000000, 17.898183, -13.581522, -2.271300, 0.100000, 0.100000, 0.100000, 0.002000, 0.100000, 0.002000,"        From the ladder survey"},
    {7908,  -0.690016, 0.723794, -0.000072, -0.723794, -0.690016, -0.000076, -0.000105, 0.000000, 1.000000, 17.897838, -13.581884, 2.080900, 0.100000, 0.100000, 0.100000, 0.002000, 0.100000, 0.002000,"        From the ladder survey"},
    {8008,  -0.690016, 0.723794, -0.000169, -0.723794, -0.690016, -0.000177, -0.000244, 0.000000, 1.000000, 17.897562, -13.582173, 6.451600, 0.100000, 0.100000, 0.100000, 0.002000, 0.100000, 0.002000,"        From the ladder survey"},
    {8108,  -0.690016, 0.723794, -0.000084, -0.723794, -0.690016, -0.000088, -0.000122, 0.000000, 1.000000, 17.898114, -13.581594, 10.799800, 0.100000, 0.100000, 0.100000, 0.002000, 0.100000, 0.002000,"        From the ladder survey"},
    {8208,  -0.690016, 0.723794, 0.000036, -0.723794, -0.690016, 0.000038, 0.000052, 0.000000, 1.000000, 17.897355, -13.582390, 15.143300, 0.100000, 0.100000, 0.100000, 0.002000, 0.100000, 0.002000,"        From the ladder survey"},
    {8308,  -0.690016, 0.723794, -0.000036, -0.723794, -0.690016, -0.000038, -0.000052, 0.000000, 1.000000, 17.897631, -13.582101, 19.482300, 0.100000, 0.100000, 0.100000, 0.002000, 0.100000, 0.002000,"        From the ladder survey"},
    {8408,  -0.690016, 0.723794, 0.000096, -0.723794, -0.690016, 0.000101, 0.000140, 0.000000, 1.000000, 17.897631, -13.582101, 23.833500, 0.100000, 0.100000, 0.100000, 0.002000, 0.100000, 0.002000,"        From the ladder survey"},
    {8508,  -0.690016, 0.723794, 0.000048, -0.723794, -0.690016, 0.000051, 0.000070, 0.000000, 1.000000, 17.897148, -13.582608, 28.183900, 0.100000, 0.100000, 0.100000, 0.002000, 0.100000, 0.002000,"        From the ladder survey"},
    {8608,  -0.690016, 0.723794, 0.000108, -0.723794, -0.690016, 0.000114, 0.000157, 0.000000, 1.000000, 17.897217, -13.582535, 32.528800, 0.100000, 0.100000, 0.100000, 0.002000, 0.100000, 0.002000,"        From the ladder survey"},
    {7109,  -0.878245, 0.478211, 0.000138, -0.478211, -0.878245, 0.000075, 0.000157, 0.000000, 1.000000, 12.864766, -18.523220, -32.715800, 0.100000, 0.100000, 0.100000, 0.002000, 0.100000, 0.002000,"        From the ladder survey"},
    {7209,  -0.878245, 0.478211, 0.000046, -0.478211, -0.878245, 0.000025, 0.000052, 0.000000, 1.000000, 12.866786, -18.522120, -28.367000, 0.100000, 0.100000, 0.100000, 0.002000, 0.100000, 0.002000,"        From the ladder survey"},
    {7309,  -0.878245, 0.478211, 0.000123, -0.478211, -0.878245, 0.000067, 0.000140, 0.000000, 1.000000, 12.863888, -18.523698, -24.013100, 0.100000, 0.100000, 0.100000, 0.002000, 0.100000, 0.002000,"        From the ladder survey"},
    {7409,  -0.878245, 0.478211, 0.000138, -0.478211, -0.878245, 0.000075, 0.000157, 0.000000, 1.000000, 12.864239, -18.523507, -19.665300, 0.100000, 0.100000, 0.100000, 0.002000, 0.100000, 0.002000,"        From the ladder survey"},
    {7509,  -0.878245, 0.478211, 0.000000, -0.478211, -0.878245, 0.000000, 0.000000, 0.000000, 1.000000, 12.861868, -18.524798, -15.317400, 0.100000, 0.100000, 0.100000, 0.002000, 0.100000, 0.002000,"        From the ladder survey"},
    {7609,  -0.878245, 0.478211, 0.000092, -0.478211, -0.878245, 0.000050, 0.000105, 0.000000, 1.000000, 12.860112, -18.525754, -10.961700, 0.100000, 0.100000, 0.100000, 0.002000, 0.100000, 0.002000,"        From the ladder survey"},
    {7709,  -0.878245, 0.478211, 0.000092, -0.478211, -0.878245, 0.000050, 0.000105, 0.000000, 1.000000, 12.860902, -18.525324, -6.620000, 0.100000, 0.100000, 0.100000, 0.002000, 0.100000, 0.002000,"        From the ladder survey"},
    {7809,  -0.878245, 0.478211, 0.000000, -0.478211, -0.878245, 0.000000, 0.000000, 0.000000, 1.000000, 12.861341, -18.525085, -2.267600, 0.100000, 0.100000, 0.100000, 0.002000, 0.100000, 0.002000,"        From the ladder survey"},
    {7909,  -0.878245, 0.478211, 0.000138, -0.478211, -0.878245, 0.000075, 0.000157, 0.000000, 1.000000, 12.861253, -18.525133, 2.082600, 0.100000, 0.100000, 0.100000, 0.002000, 0.100000, 0.002000,"        From the ladder survey"},
    {8009,  -0.878245, 0.478211, -0.000061, -0.478211, -0.878245, -0.000033, -0.000070, 0.000000, 1.000000, 12.856950, -18.527476, 6.432300, 0.100000, 0.100000, 0.100000, 0.002000, 0.100000, 0.002000,"        From the ladder survey"},
    {8109,  -0.878245, 0.478211, -0.000107, -0.478211, -0.878245, -0.000058, -0.000122, 0.000000, 1.000000, 12.859409, -18.526137, 10.782200, 0.100000, 0.100000, 0.100000, 0.002000, 0.100000, 0.002000,"        From the ladder survey"},
    {8209,  -0.878245, 0.478211, -0.000107, -0.478211, -0.878245, -0.000058, -0.000122, 0.000000, 1.000000, 12.865293, -18.522933, 15.139700, 0.100000, 0.100000, 0.100000, 0.002000, 0.100000, 0.002000,"        From the ladder survey"},
    {8309,  -0.878245, 0.478211, -0.000077, -0.478211, -0.878245, -0.000042, -0.000087, 0.000000, 1.000000, 12.866786, -18.522120, 19.485500, 0.100000, 0.100000, 0.100000, 0.002000, 0.100000, 0.002000,"        From the ladder survey"},
    {8409,  -0.878245, 0.478211, -0.000015, -0.478211, -0.878245, -0.000008, -0.000017, 0.000000, 1.000000, 12.865469, -18.522837, 23.838100, 0.100000, 0.100000, 0.100000, 0.002000, 0.100000, 0.002000,"        From the ladder survey"},
    {8509,  -0.878245, 0.478211, -0.000077, -0.478211, -0.878245, -0.000042, -0.000087, 0.000000, 1.000000, 12.863712, -18.523794, 28.190200, 0.100000, 0.100000, 0.100000, 0.002000, 0.100000, 0.002000,"        From the ladder survey"},
    {8609,  -0.878245, 0.478211, -0.000307, -0.478211, -0.878245, -0.000167, -0.000349, 0.000000, 1.000000, 12.863976, -18.523650, 32.537500, 0.100000, 0.100000, 0.100000, 0.002000, 0.100000, 0.002000,"        From the ladder survey"},
    {7110,  -0.980722, 0.195409, -0.000514, -0.195409, -0.980722, -0.000102, -0.000524, 0.000000, 1.000000, 6.375105, -21.749324, -32.708500, 0.100000, 0.100000, 0.100000, 0.002000, 0.100000, 0.002000,"        From the ladder survey"},
    {7210,  -0.980722, 0.195409, -0.000274, -0.195409, -0.980722, -0.000055, -0.000279, 0.000000, 1.000000, 6.368926, -21.750555, -28.364900, 0.100000, 0.100000, 0.100000, 0.002000, 0.100000, 0.002000,"        From the ladder survey"},
    {7310,  -0.980722, 0.195409, -0.000205, -0.195409, -0.980722, -0.000041, -0.000209, 0.000000, 1.000000, 6.369416, -21.750457, -24.014900, 0.100000, 0.100000, 0.100000, 0.002000, 0.100000, 0.002000,"        From the ladder survey"},
    {7410,  -0.980722, 0.195409, 0.000086, -0.195409, -0.980722, 0.000017, 0.000087, 0.000000, 1.000000, 6.363630, -21.751610, -19.664400, 0.100000, 0.100000, 0.100000, 0.002000, 0.100000, 0.002000,"        From the ladder survey"},
    {7510,  -0.980722, 0.195409, -0.000068, -0.195409, -0.980722, -0.000014, -0.000070, 0.000000, 1.000000, 6.367063, -21.750926, -15.314500, 0.100000, 0.100000, 0.100000, 0.002000, 0.100000, 0.002000,"        From the ladder survey"},
    {7610,  -0.980722, 0.195409, 0.000068, -0.195409, -0.980722, 0.000014, 0.000070, 0.000000, 1.000000, 6.368534, -21.750633, -10.964300, 0.100000, 0.100000, 0.100000, 0.002000, 0.100000, 0.002000,"        From the ladder survey"},
    {7710,  -0.980722, 0.195409, 0.000017, -0.195409, -0.980722, 0.000003, 0.000017, 0.000000, 1.000000, 6.368239, -21.750692, -6.615600, 0.100000, 0.100000, 0.100000, 0.002000, 0.100000, 0.002000,"        From the ladder survey"},
    {7810,  -0.980722, 0.195409, -0.000103, -0.195409, -0.980722, -0.000020, -0.000105, 0.000000, 1.000000, 6.368141, -21.750712, -2.266700, 0.100000, 0.100000, 0.100000, 0.002000, 0.100000, 0.002000,"        From the ladder survey"},
    {7910,  -0.980722, 0.195409, 0.000308, -0.195409, -0.980722, 0.000061, 0.000314, 0.000000, 1.000000, 6.368730, -21.750594, 2.084100, 0.100000, 0.100000, 0.100000, 0.002000, 0.100000, 0.002000,"        From the ladder survey"},
    {8010,  -0.980722, 0.195409, 0.000120, -0.195409, -0.980722, 0.000024, 0.000122, 0.000000, 1.000000, 6.368338, -21.750672, 6.434500, 0.100000, 0.100000, 0.100000, 0.002000, 0.100000, 0.002000,"        From the ladder survey"},
    {8110,  -0.980722, 0.195409, 0.000479, -0.195409, -0.980722, 0.000095, 0.000489, 0.000000, 1.000000, 6.368632, -21.750614, 10.784900, 0.100000, 0.100000, 0.100000, 0.002000, 0.100000, 0.002000,"        From the ladder survey"},
    {8210,  -0.980722, 0.195409, 0.000103, -0.195409, -0.980722, 0.000020, 0.000105, 0.000000, 1.000000, 6.369416, -21.750457, 15.134100, 0.100000, 0.100000, 0.100000, 0.002000, 0.100000, 0.002000,"        From the ladder survey"},
    {8310,  -0.980722, 0.195409, -0.000017, -0.195409, -0.980722, -0.000003, -0.000017, 0.000000, 1.000000, 6.369416, -21.750457, 19.484000, 0.100000, 0.100000, 0.100000, 0.002000, 0.100000, 0.002000,"        From the ladder survey"},
    {8410,  -0.980722, 0.195409, -0.000068, -0.195409, -0.980722, -0.000014, -0.000070, 0.000000, 1.000000, 6.368828, -21.750575, 23.834000, 0.100000, 0.100000, 0.100000, 0.002000, 0.100000, 0.002000,"        From the ladder survey"},
    {8510,  -0.980722, 0.195409, 0.000086, -0.195409, -0.980722, 0.000017, 0.000087, 0.000000, 1.000000, 6.371084, -21.750125, 28.183200, 0.100000, 0.100000, 0.100000, 0.002000, 0.100000, 0.002000,"        From the ladder survey"},
    {8610,  -0.980722, 0.195409, -0.000034, -0.195409, -0.980722, -0.000007, -0.000035, 0.000000, 1.000000, 6.369318, -21.750477, 32.534800, 0.100000, 0.100000, 0.100000, 0.002000, 0.100000, 0.002000,"        From the ladder survey"},
    {7111,  -0.999838, -0.018000, -0.000471, 0.018000, -0.999838, 0.000008, -0.000471, 0.000000, 1.000000, -0.811987, -23.151626, -32.734000, 0.100000, 0.100000, 0.100000, 0.002000, 0.100000, 0.002000,"        From the ladder survey"},
    {7211,  -0.999838, -0.018000, -0.000279, 0.018000, -0.999838, 0.000005, -0.000279, 0.000000, 1.000000, -0.814586, -23.151579, -28.365900, 0.100000, 0.100000, 0.100000, 0.002000, 0.100000, 0.002000,"        From the ladder survey"},
    {7311,  -0.999838, -0.018000, -0.000192, 0.018000, -0.999838, 0.000003, -0.000192, 0.000000, 1.000000, -0.815586, -23.151561, -24.015500, 0.100000, 0.100000, 0.100000, 0.002000, 0.100000, 0.002000,"        From the ladder survey"},
    {7411,  -0.999838, -0.018000, 0.000000, 0.018000, -0.999838, 0.000000, 0.000000, 0.000000, 1.000000, -0.816686, -23.151541, -19.661500, 0.100000, 0.100000, 0.100000, 0.002000, 0.100000, 0.002000,"        From the ladder survey"},
    {7511,  -0.999838, -0.018000, -0.000192, 0.018000, -0.999838, 0.000003, -0.000192, 0.000000, 1.000000, -0.817886, -23.151520, -15.314600, 0.100000, 0.100000, 0.100000, 0.002000, 0.100000, 0.002000,"        From the ladder survey"},
    {7611,  -0.999838, -0.018000, -0.000157, 0.018000, -0.999838, 0.000003, -0.000157, 0.000000, 1.000000, -0.818386, -23.151511, -10.965000, 0.100000, 0.100000, 0.100000, 0.002000, 0.100000, 0.002000,"        From the ladder survey"},
    {7711,  -0.999838, -0.018000, 0.000279, 0.018000, -0.999838, -0.000005, 0.000279, 0.000000, 1.000000, -0.818286, -23.151513, -6.616300, 0.100000, 0.100000, 0.100000, 0.002000, 0.100000, 0.002000,"        From the ladder survey"},
    {7811,  -0.999838, -0.018000, 0.000052, 0.018000, -0.999838, -0.000001, 0.000052, 0.000000, 1.000000, -0.817886, -23.151520, -2.262700, 0.100000, 0.100000, 0.100000, 0.002000, 0.100000, 0.002000,"        From the ladder survey"},
    {7911,  -0.999838, -0.018000, 0.000052, 0.018000, -0.999838, -0.000001, 0.000052, 0.000000, 1.000000, -0.818886, -23.151502, 2.085800, 0.100000, 0.100000, 0.100000, 0.002000, 0.100000, 0.002000,"        From the ladder survey"},
    {8011,  -0.999838, -0.018000, 0.000262, 0.018000, -0.999838, -0.000005, 0.000262, 0.000000, 1.000000, -0.818686, -23.151505, 6.434800, 0.100000, 0.100000, 0.100000, 0.002000, 0.100000, 0.002000,"        From the ladder survey"},
