TDataSet *CreateTable() { 
// -----------------------------------------------------------------
// 
// Positioning of the SSD wafers in the STAR global coordinate system
  if (!gROOT->GetClass("St_Survey")) return 0;
  Survey_st row[320] = {
    {7101,  0.999837, 0.018000, 0.001250, -0.017999, 0.999838, -0.000467, -0.001258, 0.000445, 0.999999, -0.030459, 23.253339, -32.719182, 0.100000, 0.100000, 0.100000, 0.002000, 0.100000, 0.002000,"        From the ladder survey"},
    {7201,  0.999837, 0.018000, 0.001494, -0.017999, 0.999838, -0.000472, -0.001502, 0.000445, 0.999999, -0.024650, 23.251299, -28.368886, 0.100000, 0.100000, 0.100000, 0.002000, 0.100000, 0.002000,"        From the ladder survey"},
    {7301,  0.999837, 0.018000, 0.001477, -0.017999, 0.999838, -0.000471, -0.001485, 0.000445, 0.999999, -0.019341, 23.249269, -24.018890, 0.100000, 0.100000, 0.100000, 0.002000, 0.100000, 0.002000,"        From the ladder survey"},
    {7401,  0.999837, 0.018000, 0.001267, -0.017999, 0.999838, -0.000468, -0.001276, 0.000445, 0.999999, -0.014133, 23.247240, -19.669594, 0.100000, 0.100000, 0.100000, 0.002000, 0.100000, 0.002000,"        From the ladder survey"},
    {7501,  0.999837, 0.018000, 0.001389, -0.017999, 0.999838, -0.000470, -0.001398, 0.000445, 0.999999, -0.009824, 23.245228, -15.319596, 0.100000, 0.100000, 0.100000, 0.002000, 0.100000, 0.002000,"        From the ladder survey"},
    {7601,  0.999837, 0.018000, 0.001477, -0.017999, 0.999838, -0.000471, -0.001485, 0.000445, 0.999999, -0.004216, 23.243192, -10.970000, 0.100000, 0.100000, 0.100000, 0.002000, 0.100000, 0.002000,"        From the ladder survey"},
    {7701,  0.999837, 0.018000, 0.001721, -0.017999, 0.999838, -0.000476, -0.001729, 0.000445, 0.999998, 0.001095, 23.241161, -6.618304, 0.100000, 0.100000, 0.100000, 0.002000, 0.100000, 0.002000,"        From the ladder survey"},
    {7801,  0.999838, 0.018000, 0.000953, -0.018000, 0.999838, -0.000462, -0.000961, 0.000445, 0.999999, 0.006805, 23.239122, -2.267308, 0.100000, 0.100000, 0.100000, 0.002000, 0.100000, 0.002000,"        From the ladder survey"},
    {7901,  0.999837, 0.018000, 0.001267, -0.017999, 0.999838, -0.000468, -0.001276, 0.000445, 0.999999, 0.012111, 23.237093, 2.079988, 0.100000, 0.100000, 0.100000, 0.002000, 0.100000, 0.002000,"        From the ladder survey"},
    {8001,  0.999837, 0.018000, 0.001442, -0.017999, 0.999838, -0.000471, -0.001450, 0.000445, 0.999999, 0.017220, 23.235066, 6.430585, 0.100000, 0.100000, 0.100000, 0.002000, 0.100000, 0.002000,"        From the ladder survey"},
    {8101,  0.999838, 0.018000, 0.000953, -0.018000, 0.999838, -0.000462, -0.000961, 0.000445, 0.999999, 0.021931, 23.233045, 10.781882, 0.100000, 0.100000, 0.100000, 0.002000, 0.100000, 0.002000,"        From the ladder survey"},
    {8201,  0.999837, 0.018000, 0.001215, -0.017999, 0.999838, -0.000467, -0.001223, 0.000445, 0.999999, 0.027437, 23.231012, 15.129678, 0.100000, 0.100000, 0.100000, 0.002000, 0.100000, 0.002000,"        From the ladder survey"},
    {8301,  0.999837, 0.018000, 0.001285, -0.017999, 0.999838, -0.000468, -0.001293, 0.000445, 0.999999, 0.032948, 23.228977, 19.481574, 0.100000, 0.100000, 0.100000, 0.002000, 0.100000, 0.002000,"        From the ladder survey"},
    {8401,  0.999838, 0.018000, -0.000094, -0.018000, 0.999838, -0.000443, 0.000086, 0.000445, 1.000000, 0.038849, 23.226939, 23.824769, 0.100000, 0.100000, 0.100000, 0.002000, 0.100000, 0.002000,"        From the ladder survey"},
    {8501,  0.999838, 0.018000, 0.000918, -0.018000, 0.999838, -0.000461, -0.000927, 0.000445, 0.999999, 0.043476, 23.224914, 28.190067, 0.100000, 0.100000, 0.100000, 0.002000, 0.100000, 0.002000,"        From the ladder survey"},
    {8601,  0.999838, 0.018000, 0.000744, -0.018000, 0.999838, -0.000458, -0.000752, 0.000445, 1.000000, 0.048285, 23.222892, 32.540163, 0.100000, 0.100000, 0.100000, 0.002000, 0.100000, 0.002000,"        From the ladder survey"},
    {7102,  0.973053, 0.230583, 0.000463, -0.230582, 0.973053, -0.000360, -0.000534, 0.000244, 1.000000, 7.137137, 21.618576, -32.727435, 0.100000, 0.100000, 0.100000, 0.002000, 0.100000, 0.002000,"        From the ladder survey"},
    {7202,  0.973053, 0.230583, 0.000684, -0.230582, 0.973053, -0.000413, -0.000760, 0.000244, 1.000000, 7.140803, 21.616617, -28.376937, 0.100000, 0.100000, 0.100000, 0.002000, 0.100000, 0.002000,"        From the ladder survey"},
    {7302,  0.973053, 0.230583, 0.000599, -0.230582, 0.973053, -0.000392, -0.000673, 0.000244, 1.000000, 7.142522, 21.615121, -24.028137, 0.100000, 0.100000, 0.100000, 0.002000, 0.100000, 0.002000,"        From the ladder survey"},
    {7402,  0.973052, 0.230583, 0.000820, -0.230582, 0.973053, -0.000445, -0.000900, 0.000244, 1.000000, 7.140248, 21.614571, -19.682933, 0.100000, 0.100000, 0.100000, 0.002000, 0.100000, 0.002000,"        From the ladder survey"},
    {7502,  0.973052, 0.230583, 0.000888, -0.230582, 0.973053, -0.000461, -0.000970, 0.000244, 1.000000, 7.150147, 21.611134, -15.326741, 0.100000, 0.100000, 0.100000, 0.002000, 0.100000, 0.002000,"        From the ladder survey"},
    {7602,  0.973052, 0.230583, 0.001040, -0.230582, 0.973053, -0.000497, -0.001127, 0.000244, 0.999999, 7.152256, 21.609545, -10.977542, 0.100000, 0.100000, 0.100000, 0.002000, 0.100000, 0.002000,"        From the ladder survey"},
    {7702,  0.973052, 0.230583, 0.000786, -0.230582, 0.973053, -0.000437, -0.000865, 0.000244, 1.000000, 7.156311, 21.607494, -6.627644, 0.100000, 0.100000, 0.100000, 0.002000, 0.100000, 0.002000,"        From the ladder survey"},
    {7802,  0.973052, 0.230583, 0.001091, -0.230582, 0.973053, -0.000509, -0.001179, 0.000244, 0.999999, 7.161240, 21.605237, -2.279547, 0.100000, 0.100000, 0.100000, 0.002000, 0.100000, 0.002000,"        From the ladder survey"},
    {7902,  0.973052, 0.230583, 0.000955, -0.230582, 0.973053, -0.000477, -0.001040, 0.000244, 0.999999, 7.164711, 21.603325, 2.070151, 0.100000, 0.100000, 0.100000, 0.002000, 0.100000, 0.002000,"        From the ladder survey"},
    {8002,  0.973052, 0.230583, 0.000803, -0.230582, 0.973053, -0.000441, -0.000883, 0.000244, 1.000000, 7.167894, 21.601480, 6.423450, 0.100000, 0.100000, 0.100000, 0.002000, 0.100000, 0.002000,"        From the ladder survey"},
    {8102,  0.973052, 0.230583, 0.000803, -0.230582, 0.973053, -0.000441, -0.000883, 0.000244, 1.000000, 7.172436, 21.599315, 10.773547, 0.100000, 0.100000, 0.100000, 0.002000, 0.100000, 0.002000,"        From the ladder survey"},
    {8202,  0.973052, 0.230583, 0.001023, -0.230582, 0.973053, -0.000493, -0.001110, 0.000244, 0.999999, 7.176685, 21.597218, 15.122744, 0.100000, 0.100000, 0.100000, 0.002000, 0.100000, 0.002000,"        From the ladder survey"},
    {8302,  0.973052, 0.230583, 0.001108, -0.230582, 0.973053, -0.000513, -0.001197, 0.000244, 0.999999, 7.180741, 21.595167, 19.473542, 0.100000, 0.100000, 0.100000, 0.002000, 0.100000, 0.002000,"        From the ladder survey"},
    {8402,  0.973052, 0.230583, 0.001125, -0.230582, 0.973053, -0.000517, -0.001214, 0.000244, 0.999999, 7.185087, 21.593048, 23.823139, 0.100000, 0.100000, 0.100000, 0.002000, 0.100000, 0.002000,"        From the ladder survey"},
    {8502,  0.973052, 0.230583, 0.001006, -0.230582, 0.973053, -0.000489, -0.001092, 0.000244, 0.999999, 7.188948, 21.591043, 28.172837, 0.100000, 0.100000, 0.100000, 0.002000, 0.100000, 0.002000,"        From the ladder survey"},
    {8602,  0.973052, 0.230583, 0.001023, -0.230582, 0.973053, -0.000493, -0.001110, 0.000244, 0.999999, 7.193589, 21.588853, 32.525134, 0.100000, 0.100000, 0.100000, 0.002000, 0.100000, 0.002000,"        From the ladder survey"},
    {7103,  0.871463, 0.490461, 0.000842, -0.490460, 0.871463, -0.000435, -0.000947, -0.000034, 1.000000, 13.377706, 17.894509, -32.725572, 0.100000, 0.100000, 0.100000, 0.002000, 0.100000, 0.002000,"        From the ladder survey"},
    {7203,  0.871463, 0.490461, 0.000735, -0.490461, 0.871463, -0.000375, -0.000825, -0.000034, 1.000000, 13.382001, 17.892260, -28.376875, 0.100000, 0.100000, 0.100000, 0.002000, 0.100000, 0.002000,"        From the ladder survey"},
    {7303,  0.871463, 0.490461, 0.000918, -0.490460, 0.871463, -0.000478, -0.001034, -0.000034, 0.999999, 13.385167, 17.890646, -24.024476, 0.100000, 0.100000, 0.100000, 0.002000, 0.100000, 0.002000,"        From the ladder survey"},
    {7403,  0.871463, 0.490461, 0.000735, -0.490461, 0.871463, -0.000375, -0.000825, -0.000034, 1.000000, 13.390161, 17.888004, -19.673880, 0.100000, 0.100000, 0.100000, 0.002000, 0.100000, 0.002000,"        From the ladder survey"},
    {7503,  0.871463, 0.490461, 0.000811, -0.490460, 0.871463, -0.000418, -0.000912, -0.000034, 1.000000, 13.394719, 17.885607, -15.323283, 0.100000, 0.100000, 0.100000, 0.002000, 0.100000, 0.002000,"        From the ladder survey"},
    {7603,  0.871463, 0.490461, 0.000796, -0.490460, 0.871463, -0.000409, -0.000895, -0.000034, 1.000000, 13.398489, 17.883653, -10.977285, 0.100000, 0.100000, 0.100000, 0.002000, 0.100000, 0.002000,"        From the ladder survey"},
    {7703,  0.871463, 0.490461, 0.000766, -0.490461, 0.871463, -0.000392, -0.000860, -0.000034, 1.000000, 13.402701, 17.881451, -6.624387, 0.100000, 0.100000, 0.100000, 0.002000, 0.100000, 0.002000,"        From the ladder survey"},
    {7803,  0.871463, 0.490461, 0.000857, -0.490460, 0.871463, -0.000444, -0.000965, -0.000034, 1.000000, 13.406649, 17.879397, -2.273189, 0.100000, 0.100000, 0.100000, 0.002000, 0.100000, 0.002000,"        From the ladder survey"},
    {7903,  0.871463, 0.490461, 0.000888, -0.490460, 0.871463, -0.000461, -0.001000, -0.000034, 1.000000, 13.410686, 17.877294, 2.078308, 0.100000, 0.100000, 0.100000, 0.002000, 0.100000, 0.002000,"        From the ladder survey"},
    {8003,  0.871463, 0.490461, 0.000994, -0.490460, 0.871463, -0.000521, -0.001122, -0.000034, 0.999999, 13.414548, 17.875288, 6.430406, 0.100000, 0.100000, 0.100000, 0.002000, 0.100000, 0.002000,"        From the ladder survey"},
    {8103,  0.871462, 0.490461, 0.001298, -0.490460, 0.871463, -0.000692, -0.001471, -0.000034, 0.999999, 13.417621, 17.873727, 10.776505, 0.100000, 0.100000, 0.100000, 0.002000, 0.100000, 0.002000,"        From the ladder survey"},
    {8203,  0.871462, 0.490461, 0.001268, -0.490460, 0.871463, -0.000675, -0.001436, -0.000034, 0.999999, 13.421570, 17.871673, 15.127902, 0.100000, 0.100000, 0.100000, 0.002000, 0.100000, 0.002000,"        From the ladder survey"},
    {8303,  0.871463, 0.490461, 0.000811, -0.490460, 0.871463, -0.000418, -0.000912, -0.000034, 1.000000, 13.424471, 17.870209, 19.476701, 0.100000, 0.100000, 0.100000, 0.002000, 0.100000, 0.002000,"        From the ladder survey"},
    {8403,  0.871463, 0.490461, 0.001040, -0.490460, 0.871463, -0.000546, -0.001174, -0.000034, 0.999999, 13.428857, 17.867909, 23.829099, 0.100000, 0.100000, 0.100000, 0.002000, 0.100000, 0.002000,"        From the ladder survey"},
    {8503,  0.871462, 0.490461, 0.001146, -0.490460, 0.871463, -0.000606, -0.001296, -0.000034, 0.999999, 13.431845, 17.866395, 28.178697, 0.100000, 0.100000, 0.100000, 0.002000, 0.100000, 0.002000,"        From the ladder survey"},
    {8603,  0.871463, 0.490461, 0.000279, -0.490461, 0.871463, -0.000118, -0.000301, -0.000034, 1.000000, 13.436145, 17.864144, 32.531995, 0.100000, 0.100000, 0.100000, 0.002000, 0.100000, 0.002000,"        From the ladder survey"},
    {7104,  0.686386, 0.727236, 0.000971, -0.727236, 0.686387, -0.000550, -0.001067, -0.000329, 0.999999, 18.121206, 12.791099, -32.718914, 0.100000, 0.100000, 0.100000, 0.002000, 0.100000, 0.002000,"        From the ladder survey"},
    {7204,  0.686386, 0.727236, 0.001031, -0.727236, 0.686387, -0.000613, -0.001154, -0.000329, 0.999999, 18.125205, 12.788949, -28.368416, 0.100000, 0.100000, 0.100000, 0.002000, 0.100000, 0.002000,"        From the ladder survey"},
    {7304,  0.686387, 0.727236, 0.000899, -0.727236, 0.686387, -0.000473, -0.000962, -0.000329, 0.999999, 18.130171, 12.785777, -24.009620, 0.100000, 0.100000, 0.100000, 0.002000, 0.100000, 0.002000,"        From the ladder survey"},
    {7404,  0.686386, 0.727236, 0.001187, -0.727236, 0.686387, -0.000778, -0.001381, -0.000329, 0.999999, 18.133898, 12.783917, -19.656422, 0.100000, 0.100000, 0.100000, 0.002000, 0.100000, 0.002000,"        From the ladder survey"},
    {7504,  0.686387, 0.727236, 0.000888, -0.727236, 0.686387, -0.000461, -0.000944, -0.000329, 1.000000, 18.136798, 12.782930, -15.305723, 0.100000, 0.100000, 0.100000, 0.002000, 0.100000, 0.002000,"        From the ladder survey"},
    {7604,  0.686387, 0.727236, 0.000780, -0.727236, 0.686387, -0.000347, -0.000787, -0.000329, 1.000000, 18.140511, 12.781076, -10.966825, 0.100000, 0.100000, 0.100000, 0.002000, 0.100000, 0.002000,"        From the ladder survey"},
    {7704,  0.686387, 0.727236, 0.000696, -0.727236, 0.686387, -0.000258, -0.000665, -0.000329, 1.000000, 18.143892, 12.779581, -6.616926, 0.100000, 0.100000, 0.100000, 0.002000, 0.100000, 0.002000,"        From the ladder survey"},
    {7804,  0.686387, 0.727236, 0.000923, -0.727236, 0.686387, -0.000499, -0.000997, -0.000329, 0.999999, 18.148507, 12.776777, -2.267530, 0.100000, 0.100000, 0.100000, 0.002000, 0.100000, 0.002000,"        From the ladder survey"},
    {7904,  0.686387, 0.727236, 0.000899, -0.727236, 0.686387, -0.000473, -0.000962, -0.000329, 0.999999, 18.152367, 12.774772, 2.082168, 0.100000, 0.100000, 0.100000, 0.002000, 0.100000, 0.002000,"        From the ladder survey"},
    {8004,  0.686387, 0.727236, 0.000624, -0.727236, 0.686387, -0.000182, -0.000560, -0.000329, 1.000000, 18.155950, 12.773060, 6.428666, 0.100000, 0.100000, 0.100000, 0.002000, 0.100000, 0.002000,"        From the ladder survey"},
    {8104,  0.686387, 0.727236, 0.000744, -0.727236, 0.686387, -0.000308, -0.000735, -0.000329, 1.000000, 18.159677, 12.771199, 10.783164, 0.100000, 0.100000, 0.100000, 0.002000, 0.100000, 0.002000,"        From the ladder survey"},
    {8204,  0.686387, 0.727236, 0.000804, -0.727236, 0.686387, -0.000372, -0.000822, -0.000329, 1.000000, 18.164015, 12.768687, 15.129662, 0.100000, 0.100000, 0.100000, 0.002000, 0.100000, 0.002000,"        From the ladder survey"},
    {8304,  0.686387, 0.727236, 0.000756, -0.727236, 0.686387, -0.000321, -0.000752, -0.000329, 1.000000, 18.167397, 12.767191, 19.481060, 0.100000, 0.100000, 0.100000, 0.002000, 0.100000, 0.002000,"        From the ladder survey"},
    {8404,  0.686386, 0.727236, 0.001247, -0.727236, 0.686387, -0.000842, -0.001468, -0.000329, 0.999999, 18.171257, 12.765187, 23.830958, 0.100000, 0.100000, 0.100000, 0.002000, 0.100000, 0.002000,"        From the ladder survey"},
    {8504,  0.686387, 0.727236, 0.000612, -0.727236, 0.686387, -0.000169, -0.000543, -0.000329, 1.000000, 18.175122, 12.763180, 28.185956, 0.100000, 0.100000, 0.100000, 0.002000, 0.100000, 0.002000,"        From the ladder survey"},
    {8604,  0.686386, 0.727236, 0.001127, -0.727236, 0.686387, -0.000715, -0.001293, -0.000329, 0.999999, 18.179805, 12.760304, 32.533852, 0.100000, 0.100000, 0.100000, 0.002000, 0.100000, 0.002000,"        From the ladder survey"},
    {7105,  0.403044, 0.915180, 0.000776, -0.915180, 0.403045, -0.000208, -0.000504, -0.000627, 1.000000, 21.166607, 6.523093, -32.710936, 0.100000, 0.100000, 0.100000, 0.002000, 0.100000, 0.002000,"        From the ladder survey"},
    {7205,  0.403044, 0.915180, 0.000776, -0.915180, 0.403045, -0.000208, -0.000504, -0.000627, 1.000000, 21.169468, 6.523358, -28.361737, 0.100000, 0.100000, 0.100000, 0.002000, 0.100000, 0.002000,"        From the ladder survey"},
    {7305,  0.403044, 0.915180, 0.000741, -0.915180, 0.403045, -0.000129, -0.000416, -0.000627, 1.000000, 21.172812, 6.522524, -24.012639, 0.100000, 0.100000, 0.100000, 0.002000, 0.100000, 0.002000,"        From the ladder survey"},
    {7405,  0.403044, 0.915180, 0.000748, -0.915180, 0.403045, -0.000145, -0.000434, -0.000627, 1.000000, 21.175834, 6.522422, -19.664440, 0.100000, 0.100000, 0.100000, 0.002000, 0.100000, 0.002000,"        From the ladder survey"},
    {7505,  0.403044, 0.915180, 0.000797, -0.915180, 0.403045, -0.000256, -0.000556, -0.000627, 1.000000, 21.179458, 6.520948, -15.317741, 0.100000, 0.100000, 0.100000, 0.002000, 0.100000, 0.002000,"        From the ladder survey"},
    {7605,  0.403044, 0.915180, 0.000755, -0.915180, 0.403045, -0.000161, -0.000451, -0.000627, 1.000000, 21.182122, 6.521669, -10.961742, 0.100000, 0.100000, 0.100000, 0.002000, 0.100000, 0.002000,"        From the ladder survey"},
    {7705,  0.403044, 0.915180, 0.000755, -0.915180, 0.403045, -0.000161, -0.000451, -0.000627, 1.000000, 21.184373, 6.523307, -6.619542, 0.100000, 0.100000, 0.100000, 0.002000, 0.100000, 0.002000,"        From the ladder survey"},
    {7805,  0.403044, 0.915180, 0.000762, -0.915180, 0.403045, -0.000177, -0.000469, -0.000627, 1.000000, 21.188409, 6.520916, -2.262144, 0.100000, 0.100000, 0.100000, 0.002000, 0.100000, 0.002000,"        From the ladder survey"},
    {7905,  0.403044, 0.915180, 0.000762, -0.915180, 0.403045, -0.000177, -0.000469, -0.000627, 1.000000, 21.191794, 6.519991, 2.087254, 0.100000, 0.100000, 0.100000, 0.002000, 0.100000, 0.002000,"        From the ladder survey"},
    {8005,  0.403044, 0.915180, 0.000790, -0.915180, 0.403045, -0.000240, -0.000539, -0.000627, 1.000000, 21.195057, 6.519340, 6.436253, 0.100000, 0.100000, 0.100000, 0.002000, 0.100000, 0.002000,"        From the ladder survey"},
    {8105,  0.403044, 0.915180, 0.000643, -0.915180, 0.403045, 0.000095, -0.000172, -0.000627, 1.000000, 21.197997, 6.519421, 10.783252, 0.100000, 0.100000, 0.100000, 0.002000, 0.100000, 0.002000,"        From the ladder survey"},
    {8205,  0.403044, 0.915180, 0.000727, -0.915180, 0.403045, -0.000097, -0.000382, -0.000627, 1.000000, 21.201745, 6.517672, 15.132851, 0.100000, 0.100000, 0.100000, 0.002000, 0.100000, 0.002000,"        From the ladder survey"},
    {8305,  0.403044, 0.915180, 0.000762, -0.915180, 0.403045, -0.000177, -0.000469, -0.000627, 1.000000, 21.204850, 6.517387, 19.485749, 0.100000, 0.100000, 0.100000, 0.002000, 0.100000, 0.002000,"        From the ladder survey"},
    {8405,  0.403044, 0.915180, 0.000762, -0.915180, 0.403045, -0.000177, -0.000469, -0.000627, 1.000000, 21.207871, 6.517285, 23.833948, 0.100000, 0.100000, 0.100000, 0.002000, 0.100000, 0.002000,"        From the ladder survey"},
    {8505,  0.403044, 0.915180, 0.000720, -0.915180, 0.403045, -0.000081, -0.000364, -0.000627, 1.000000, 21.211134, 6.516634, 28.182147, 0.100000, 0.100000, 0.100000, 0.002000, 0.100000, 0.002000,"        From the ladder survey"},
    {8605,  0.403044, 0.915180, 0.000586, -0.915180, 0.403045, 0.000223, -0.000033, -0.000627, 1.000000, 21.213918, 6.517081, 32.536946, 0.100000, 0.100000, 0.100000, 0.002000, 0.100000, 0.002000,"        From the ladder survey"},
    {7106,  -0.017997, 0.999838, 0.000955, -0.999833, -0.018000, 0.003274, 0.003290, -0.000896, 0.999994, 21.868136, -0.364662, -32.721359, 0.100000, 0.100000, 0.100000, 0.002000, 0.100000, 0.002000,"        From the ladder survey"},
    {7206,  -0.018001, 0.999838, 0.000880, -0.999838, -0.018000, -0.000862, -0.000846, -0.000896, 0.999999, 21.871992, -0.366261, -28.383861, 0.100000, 0.100000, 0.100000, 0.002000, 0.100000, 0.002000,"        From the ladder survey"},
    {7306,  -0.018001, 0.999838, 0.000878, -0.999838, -0.018000, -0.000967, -0.000951, -0.000896, 0.999999, 21.875866, -0.367464, -24.035363, 0.100000, 0.100000, 0.100000, 0.002000, 0.100000, 0.002000,"        From the ladder survey"},
    {7406,  -0.017997, 0.999838, 0.000957, -0.999832, -0.018000, 0.003378, 0.003395, -0.000896, 0.999994, 21.879753, -0.368675, -19.671765, 0.100000, 0.100000, 0.100000, 0.002000, 0.100000, 0.002000,"        From the ladder survey"},
    {7506,  -0.018001, 0.999838, 0.000878, -0.999837, -0.018000, -0.001002, -0.000986, -0.000896, 0.999999, 21.883562, -0.372873, -15.335068, 0.100000, 0.100000, 0.100000, 0.002000, 0.100000, 0.002000,"        From the ladder survey"},
    {7606,  -0.018001, 0.999838, 0.000877, -0.999837, -0.018000, -0.001037, -0.001021, -0.000896, 0.999999, 21.887428, -0.373366, -11.010369, 0.100000, 0.100000, 0.100000, 0.002000, 0.100000, 0.002000,"        From the ladder survey"},
    {7706,  -0.018001, 0.999838, 0.000882, -0.999838, -0.018000, -0.000792, -0.000776, -0.000896, 0.999999, 21.891307, -0.375582, -6.635572, 0.100000, 0.100000, 0.100000, 0.002000, 0.100000, 0.002000,"        From the ladder survey"},
    {7806,  -0.018001, 0.999838, 0.000873, -0.999837, -0.018000, -0.001246, -0.001230, -0.000896, 0.999999, 21.895165, -0.377586, -2.287974, 0.100000, 0.100000, 0.100000, 0.002000, 0.100000, 0.002000,"        From the ladder survey"},
    {7906,  -0.018001, 0.999838, 0.000877, -0.999837, -0.018000, -0.001072, -0.001056, -0.000896, 0.999999, 21.899029, -0.379592, 2.065724, 0.100000, 0.100000, 0.100000, 0.002000, 0.100000, 0.002000,"        From the ladder survey"},
    {8006,  -0.018001, 0.999838, 0.000879, -0.999838, -0.018000, -0.000932, -0.000916, -0.000896, 0.999999, 21.902782, -0.387495, 6.413919, 0.100000, 0.100000, 0.100000, 0.002000, 0.100000, 0.002000,"        From the ladder survey"},
    {8106,  -0.018001, 0.999838, 0.000880, -0.999838, -0.018000, -0.000897, -0.000881, -0.000896, 0.999999, 21.906757, -0.383100, 10.763220, 0.100000, 0.100000, 0.100000, 0.002000, 0.100000, 0.002000,"        From the ladder survey"},
    {8206,  -0.018001, 0.999838, 0.000878, -0.999838, -0.018000, -0.000967, -0.000951, -0.000896, 0.999999, 21.910599, -0.386305, 15.115917, 0.100000, 0.100000, 0.100000, 0.002000, 0.100000, 0.002000,"        From the ladder survey"},
    {8306,  -0.018001, 0.999838, 0.000877, -0.999837, -0.018000, -0.001037, -0.001021, -0.000896, 0.999999, 21.914450, -0.388809, 19.465515, 0.100000, 0.100000, 0.100000, 0.002000, 0.100000, 0.002000,"        From the ladder survey"},
    {8406,  -0.018001, 0.999838, 0.000879, -0.999838, -0.018000, -0.000949, -0.000933, -0.000896, 0.999999, 21.918201, -0.396812, 23.813910, 0.100000, 0.100000, 0.100000, 0.002000, 0.100000, 0.002000,"        From the ladder survey"},
    {8506,  -0.018001, 0.999838, 0.000876, -0.999837, -0.018000, -0.001106, -0.001091, -0.000896, 0.999999, 21.922195, -0.391519, 28.165611, 0.100000, 0.100000, 0.100000, 0.002000, 0.100000, 0.002000,"        From the ladder survey"},
    {8606,  -0.018001, 0.999838, 0.000875, -0.999837, -0.018000, -0.001159, -0.001143, -0.000896, 0.999999, 21.926028, -0.395124, 32.517508, 0.100000, 0.100000, 0.100000, 0.002000, 0.100000, 0.002000,"        From the ladder survey"},
    {7107,  -0.435725, 0.900080, 0.000393, -0.900079, -0.435724, -0.001482, -0.001163, -0.001000, 0.999999, 20.971778, -7.234637, -32.737429, 0.100000, 0.100000, 0.100000, 0.002000, 0.100000, 0.002000,"        From the ladder survey"},
    {7207,  -0.435725, 0.900080, 0.000439, -0.900079, -0.435724, -0.001388, -0.001058, -0.001000, 0.999999, 20.975596, -7.236733, -28.386031, 0.100000, 0.100000, 0.100000, 0.002000, 0.100000, 0.002000,"        From the ladder survey"},
    {7307,  -0.435723, 0.900080, 0.001443, -0.900080, -0.435724, 0.000686, 0.001246, -0.001000, 0.999999, 20.979057, -7.239543, -24.044833, 0.100000, 0.100000, 0.100000, 0.002000, 0.100000, 0.002000,"        From the ladder survey"},
    {7407,  -0.435725, 0.900080, 0.000484, -0.900079, -0.435724, -0.001293, -0.000953, -0.001000, 0.999999, 20.983228, -7.240920, -19.688836, 0.100000, 0.100000, 0.100000, 0.002000, 0.100000, 0.002000,"        From the ladder survey"},
    {7507,  -0.435725, 0.900080, 0.000697, -0.900080, -0.435724, -0.000854, -0.000464, -0.001000, 0.999999, 20.987872, -7.241304, -15.339738, 0.100000, 0.100000, 0.100000, 0.002000, 0.100000, 0.002000,"        From the ladder survey"},
    {7607,  -0.435725, 0.900080, 0.000560, -0.900080, -0.435724, -0.001136, -0.000778, -0.001000, 0.999999, 20.991432, -7.243941, -10.984940, 0.100000, 0.100000, 0.100000, 0.002000, 0.100000, 0.002000,"        From the ladder survey"},
    {7707,  -0.435724, 0.900080, 0.001192, -0.900080, -0.435724, 0.000168, 0.000670, -0.001000, 0.999999, 20.995505, -7.245493, -6.640742, 0.100000, 0.100000, 0.100000, 0.002000, 0.100000, 0.002000,"        From the ladder survey"},
    {7807,  -0.435708, 0.900080, 0.003914, -0.900062, -0.435724, 0.005791, 0.006918, -0.001000, 0.999976, 20.992156, -7.262338, -2.313145, 0.100000, 0.100000, 0.100000, 0.002000, 0.100000, 0.002000,"        From the ladder survey"},
    {7907,  -0.435725, 0.900080, 0.000370, -0.900079, -0.435724, -0.001529, -0.001215, -0.001000, 0.999999, 21.002662, -7.250673, 2.062054, 0.100000, 0.100000, 0.100000, 0.002000, 0.100000, 0.002000,"        From the ladder survey"},
    {8007,  -0.435724, 0.900080, 0.001237, -0.900080, -0.435724, 0.000262, 0.000775, -0.001000, 0.999999, 21.007393, -7.250877, 6.410251, 0.100000, 0.100000, 0.100000, 0.002000, 0.100000, 0.002000,"        From the ladder survey"},
    {8107,  -0.435725, 0.900080, 0.000302, -0.900079, -0.435724, -0.001670, -0.001372, -0.001000, 0.999999, 21.010080, -7.255313, 10.763849, 0.100000, 0.100000, 0.100000, 0.002000, 0.100000, 0.002000,"        From the ladder survey"},
    {8207,  -0.435725, 0.900080, 0.000568, -0.900080, -0.435724, -0.001121, -0.000761, -0.001000, 0.999999, 21.013767, -7.257678, 15.114147, 0.100000, 0.100000, 0.100000, 0.002000, 0.100000, 0.002000,"        From the ladder survey"},
    {8307,  -0.435725, 0.900080, 0.000560, -0.900080, -0.435724, -0.001136, -0.000778, -0.001000, 0.999999, 21.017800, -7.259321, 19.462645, 0.100000, 0.100000, 0.100000, 0.002000, 0.100000, 0.002000,"        From the ladder survey"},
    {8407,  -0.435725, 0.900080, 0.000256, -0.900079, -0.435724, -0.001765, -0.001477, -0.001000, 0.999998, 21.021707, -7.261237, 23.816043, 0.100000, 0.100000, 0.100000, 0.002000, 0.100000, 0.002000,"        From the ladder survey"},
    {8507,  -0.435724, 0.900080, 0.000964, -0.900080, -0.435724, -0.000304, 0.000147, -0.001000, 0.999999, 21.024401, -7.265677, 28.176240, 0.100000, 0.100000, 0.100000, 0.002000, 0.100000, 0.002000,"        From the ladder survey"},
    {8607,  -0.435725, 0.900080, 0.000819, -0.900080, -0.435724, -0.000602, -0.000185, -0.001000, 0.999999, 21.029618, -7.264894, 32.533038, 0.100000, 0.100000, 0.100000, 0.002000, 0.100000, 0.002000,"        From the ladder survey"},
    {7108,  -0.690016, 0.723793, 0.000767, -0.723794, -0.690016, -0.000587, 0.000104, -0.000960, 1.000000, 17.723579, -13.429393, -32.739101, 0.100000, 0.100000, 0.100000, 0.002000, 0.100000, 0.002000,"        From the ladder survey"},
    {7208,  -0.690016, 0.723793, 0.000912, -0.723794, -0.690016, -0.000436, 0.000314, -0.000960, 0.999999, 17.726955, -13.431903, -28.390102, 0.100000, 0.100000, 0.100000, 0.002000, 0.100000, 0.002000,"        From the ladder survey"},
    {7308,  -0.690016, 0.723793, 0.000779, -0.723794, -0.690016, -0.000574, 0.000122, -0.000960, 1.000000, 17.731091, -13.433618, -24.040605, 0.100000, 0.100000, 0.100000, 0.002000, 0.100000, 0.002000,"        From the ladder survey"},
    {7408,  -0.690016, 0.723793, 0.000863, -0.723794, -0.690016, -0.000486, 0.000244, -0.000960, 1.000000, 17.735296, -13.435260, -19.691407, 0.100000, 0.100000, 0.100000, 0.002000, 0.100000, 0.002000,"        From the ladder survey"},
    {7508,  -0.690016, 0.723793, 0.000851, -0.723794, -0.690016, -0.000499, 0.000227, -0.000960, 1.000000, 17.739987, -13.436397, -15.339710, 0.100000, 0.100000, 0.100000, 0.002000, 0.100000, 0.002000,"        From the ladder survey"},
    {7608,  -0.690016, 0.723793, 0.001177, -0.723794, -0.690016, -0.000158, 0.000698, -0.000960, 0.999999, 17.742885, -13.439417, -10.985911, 0.100000, 0.100000, 0.100000, 0.002000, 0.100000, 0.002000,"        From the ladder survey"},
    {7708,  -0.690016, 0.723793, 0.000984, -0.723794, -0.690016, -0.000360, 0.000418, -0.000960, 0.999999, 17.746533, -13.441636, -6.641813, 0.100000, 0.100000, 0.100000, 0.002000, 0.100000, 0.002000,"        From the ladder survey"},
    {7808,  -0.690016, 0.723793, 0.000815, -0.723794, -0.690016, -0.000537, 0.000174, -0.000960, 1.000000, 17.751496, -13.442481, -2.293616, 0.100000, 0.100000, 0.100000, 0.002000, 0.100000, 0.002000,"        From the ladder survey"},
    {7908,  -0.690016, 0.723793, 0.000815, -0.723794, -0.690016, -0.000537, 0.000174, -0.000960, 1.000000, 17.755014, -13.444848, 2.058582, 0.100000, 0.100000, 0.100000, 0.002000, 0.100000, 0.002000,"        From the ladder survey"},
    {8008,  -0.690016, 0.723793, 0.000719, -0.723794, -0.690016, -0.000638, 0.000035, -0.000960, 1.000000, 17.758617, -13.447152, 6.429280, 0.100000, 0.100000, 0.100000, 0.002000, 0.100000, 0.002000,"        From the ladder survey"},
    {8108,  -0.690016, 0.723793, 0.000803, -0.723794, -0.690016, -0.000549, 0.000157, -0.000960, 1.000000, 17.763028, -13.448577, 10.777477, 0.100000, 0.100000, 0.100000, 0.002000, 0.100000, 0.002000,"        From the ladder survey"},
    {8208,  -0.690016, 0.723793, 0.000924, -0.723794, -0.690016, -0.000423, 0.000331, -0.000960, 0.999999, 17.766123, -13.451374, 15.120976, 0.100000, 0.100000, 0.100000, 0.002000, 0.100000, 0.002000,"        From the ladder survey"},
    {8308,  -0.690016, 0.723793, 0.000851, -0.723794, -0.690016, -0.000499, 0.000227, -0.000960, 1.000000, 17.770250, -13.453084, 19.459973, 0.100000, 0.100000, 0.100000, 0.002000, 0.100000, 0.002000,"        From the ladder survey"},
    {8408,  -0.690016, 0.723793, 0.000984, -0.723794, -0.690016, -0.000360, 0.000418, -0.000960, 0.999999, 17.774112, -13.455089, 23.811171, 0.100000, 0.100000, 0.100000, 0.002000, 0.100000, 0.002000,"        From the ladder survey"},
    {8508,  -0.690016, 0.723793, 0.000936, -0.723794, -0.690016, -0.000410, 0.000349, -0.000960, 0.999999, 17.777490, -13.457601, 28.161569, 0.100000, 0.100000, 0.100000, 0.002000, 0.100000, 0.002000,"        From the ladder survey"},
    {8608,  -0.690016, 0.723793, 0.000996, -0.723794, -0.690016, -0.000347, 0.000436, -0.000960, 0.999999, 17.781415, -13.459530, 32.506467, 0.100000, 0.100000, 0.100000, 0.002000, 0.100000, 0.002000,"        From the ladder survey"},
    {7109,  -0.878245, 0.478210, 0.000720, -0.478211, -0.878245, -0.000552, 0.000353, -0.000829, 1.000000, 12.725719, -18.273754, -32.693214, 0.100000, 0.100000, 0.100000, 0.002000, 0.100000, 0.002000,"        From the ladder survey"},
    {7209,  -0.878245, 0.478210, 0.000628, -0.478211, -0.878245, -0.000602, 0.000249, -0.000829, 1.000000, 12.730270, -18.275382, -28.344416, 0.100000, 0.100000, 0.100000, 0.002000, 0.100000, 0.002000,"        From the ladder survey"},
    {7309,  -0.878245, 0.478210, 0.000704, -0.478211, -0.878245, -0.000560, 0.000336, -0.000829, 1.000000, 12.729905, -18.279691, -23.990517, 0.100000, 0.100000, 0.100000, 0.002000, 0.100000, 0.002000,"        From the ladder survey"},
    {7409,  -0.878245, 0.478210, 0.000720, -0.478211, -0.878245, -0.000552, 0.000353, -0.000829, 1.000000, 12.732786, -18.282227, -19.642718, 0.100000, 0.100000, 0.100000, 0.002000, 0.100000, 0.002000,"        From the ladder survey"},
    {7509,  -0.878245, 0.478210, 0.000582, -0.478211, -0.878245, -0.000627, 0.000196, -0.000829, 1.000000, 12.732945, -18.286245, -15.294820, 0.100000, 0.100000, 0.100000, 0.002000, 0.100000, 0.002000,"        From the ladder survey"},
    {7609,  -0.878245, 0.478210, 0.000674, -0.478211, -0.878245, -0.000577, 0.000301, -0.000829, 1.000000, 12.733722, -18.289933, -10.939121, 0.100000, 0.100000, 0.100000, 0.002000, 0.100000, 0.002000,"        From the ladder survey"},
    {7709,  -0.878245, 0.478210, 0.000674, -0.478211, -0.878245, -0.000577, 0.000301, -0.000829, 1.000000, 12.737039, -18.292226, -6.597423, 0.100000, 0.100000, 0.100000, 0.002000, 0.100000, 0.002000,"        From the ladder survey"},
    {7809,  -0.878245, 0.478210, 0.000582, -0.478211, -0.878245, -0.000627, 0.000196, -0.000829, 1.000000, 12.740011, -18.294717, -2.245024, 0.100000, 0.100000, 0.100000, 0.002000, 0.100000, 0.002000,"        From the ladder survey"},
    {7909,  -0.878245, 0.478210, 0.000720, -0.478211, -0.878245, -0.000552, 0.000353, -0.000829, 1.000000, 12.742454, -18.297493, 2.105174, 0.100000, 0.100000, 0.100000, 0.002000, 0.100000, 0.002000,"        From the ladder survey"},
    {8009,  -0.878245, 0.478210, 0.000521, -0.478211, -0.878245, -0.000661, 0.000126, -0.000829, 1.000000, 12.740682, -18.302565, 6.454874, 0.100000, 0.100000, 0.100000, 0.002000, 0.100000, 0.002000,"        From the ladder survey"},
    {8109,  -0.878245, 0.478210, 0.000475, -0.478211, -0.878245, -0.000686, 0.000074, -0.000829, 1.000000, 12.745672, -18.303954, 10.804771, 0.100000, 0.100000, 0.100000, 0.002000, 0.100000, 0.002000,"        From the ladder survey"},
    {8209,  -0.878245, 0.478210, 0.000475, -0.478211, -0.878245, -0.000686, 0.000074, -0.000829, 1.000000, 12.754091, -18.303483, 15.162269, 0.100000, 0.100000, 0.100000, 0.002000, 0.100000, 0.002000,"        From the ladder survey"},
    {8309,  -0.878245, 0.478210, 0.000505, -0.478211, -0.878245, -0.000669, 0.000109, -0.000829, 1.000000, 12.758113, -18.305396, 19.508067, 0.100000, 0.100000, 0.100000, 0.002000, 0.100000, 0.002000,"        From the ladder survey"},
    {8409,  -0.878245, 0.478210, 0.000567, -0.478211, -0.878245, -0.000636, 0.000179, -0.000829, 1.000000, 12.759328, -18.308844, 23.860665, 0.100000, 0.100000, 0.100000, 0.002000, 0.100000, 0.002000,"        From the ladder survey"},
    {8509,  -0.878245, 0.478210, 0.000505, -0.478211, -0.878245, -0.000669, 0.000109, -0.000829, 1.000000, 12.760104, -18.312530, 28.212764, 0.100000, 0.100000, 0.100000, 0.002000, 0.100000, 0.002000,"        From the ladder survey"},
    {8609,  -0.878245, 0.478210, 0.000275, -0.478211, -0.878245, -0.000794, -0.000153, -0.000829, 1.000000, 12.762897, -18.315113, 32.560062, 0.100000, 0.100000, 0.100000, 0.002000, 0.100000, 0.002000,"        From the ladder survey"},
    {7110,  -0.984607, 0.174771, 0.001872, -0.174773, -0.984609, -0.000579, 0.001742, -0.000898, 0.999998, 6.276104, -21.689077, -32.722573, 0.100000, 0.100000, 0.100000, 0.002000, 0.100000, 0.002000,"        From the ladder survey"},
    {7210,  -0.984607, 0.174771, 0.002112, -0.174773, -0.984609, -0.000537, 0.001986, -0.000898, 0.999998, 6.280270, -21.692297, -28.378972, 0.100000, 0.100000, 0.100000, 0.002000, 0.100000, 0.002000,"        From the ladder survey"},
    {7310,  -0.984607, 0.174771, 0.002181, -0.174773, -0.984609, -0.000524, 0.002056, -0.000898, 0.999997, 6.291147, -21.694332, -24.028986, 0.100000, 0.100000, 0.100000, 0.002000, 0.100000, 0.002000,"        From the ladder survey"},
    {7410,  -0.984606, 0.174771, 0.002473, -0.174773, -0.984609, -0.000473, 0.002353, -0.000898, 0.999997, 6.295724, -21.697485, -19.678485, 0.100000, 0.100000, 0.100000, 0.002000, 0.100000, 0.002000,"        From the ladder survey"},
    {7510,  -0.984606, 0.174771, 0.002319, -0.174773, -0.984609, -0.000500, 0.002196, -0.000898, 0.999997, 6.309554, -21.698995, -15.328606, 0.100000, 0.100000, 0.100000, 0.002000, 0.100000, 0.002000,"        From the ladder survey"},
    {7610,  -0.984606, 0.174771, 0.002456, -0.174773, -0.984609, -0.000476, 0.002335, -0.000898, 0.999997, 6.321416, -21.700855, -10.978423, 0.100000, 0.100000, 0.100000, 0.002000, 0.100000, 0.002000,"        From the ladder survey"},
    {7710,  -0.984606, 0.174771, 0.002404, -0.174773, -0.984609, -0.000485, 0.002283, -0.000898, 0.999997, 6.331502, -21.703029, -6.629735, 0.100000, 0.100000, 0.100000, 0.002000, 0.100000, 0.002000,"        From the ladder survey"},
    {7810,  -0.984606, 0.174771, 0.002284, -0.174773, -0.984609, -0.000506, 0.002161, -0.000898, 0.999997, 6.341786, -21.705168, -2.280847, 0.100000, 0.100000, 0.100000, 0.002000, 0.100000, 0.002000,"        From the ladder survey"},
    {7910,  -0.984605, 0.174771, 0.002697, -0.174773, -0.984609, -0.000433, 0.002580, -0.000898, 0.999996, 6.352763, -21.707185, 2.069938, 0.100000, 0.100000, 0.100000, 0.002000, 0.100000, 0.002000,"        From the ladder survey"},
    {8010,  -0.984606, 0.174771, 0.002508, -0.174773, -0.984609, -0.000466, 0.002387, -0.000898, 0.999997, 6.362755, -21.709377, 6.420326, 0.100000, 0.100000, 0.100000, 0.002000, 0.100000, 0.002000,"        From the ladder survey"},
    {8110,  -0.984605, 0.174771, 0.002868, -0.174773, -0.984609, -0.000402, 0.002754, -0.000898, 0.999996, 6.373436, -21.711447, 10.770713, 0.100000, 0.100000, 0.100000, 0.002000, 0.100000, 0.002000,"        From the ladder survey"},
    {8210,  -0.984606, 0.174771, 0.002490, -0.174773, -0.984609, -0.000469, 0.002370, -0.000898, 0.999997, 6.384606, -21.713428, 15.119898, 0.100000, 0.100000, 0.100000, 0.002000, 0.100000, 0.002000,"        From the ladder survey"},
    {8310,  -0.984606, 0.174771, 0.002370, -0.174773, -0.984609, -0.000491, 0.002248, -0.000898, 0.999997, 6.394990, -21.715550, 19.469785, 0.100000, 0.100000, 0.100000, 0.002000, 0.100000, 0.002000,"        From the ladder survey"},
    {8410,  -0.984606, 0.174771, 0.002319, -0.174773, -0.984609, -0.000500, 0.002196, -0.000898, 0.999997, 6.404784, -21.717777, 23.819774, 0.100000, 0.100000, 0.100000, 0.002000, 0.100000, 0.002000,"        From the ladder survey"},
    {8510,  -0.984606, 0.174771, 0.002473, -0.174773, -0.984609, -0.000473, 0.002353, -0.000898, 0.999997, 6.417431, -21.719497, 28.168955, 0.100000, 0.100000, 0.100000, 0.002000, 0.100000, 0.002000,"        From the ladder survey"},
    {8610,  -0.984606, 0.174771, 0.002353, -0.174773, -0.984609, -0.000494, 0.002230, -0.000898, 0.999997, 6.426047, -21.721934, 32.520547, 0.100000, 0.100000, 0.100000, 0.002000, 0.100000, 0.002000,"        From the ladder survey"},
    {7111,  -0.998594, -0.052977, 0.001917, 0.052975, -0.998596, -0.000463, 0.001939, -0.000361, 0.999998, -0.884714, -23.045943, -32.730225, 0.100000, 0.100000, 0.100000, 0.002000, 0.100000, 0.002000,"        From the ladder survey"},
    {7211,  -0.998594, -0.052977, 0.002108, 0.052975, -0.998596, -0.000473, 0.002131, -0.000361, 0.999998, -0.876883, -23.047936, -28.362132, 0.100000, 0.100000, 0.100000, 0.002000, 0.100000, 0.002000,"        From the ladder survey"},
    {7311,  -0.998593, -0.052977, 0.002196, 0.052975, -0.998596, -0.000478, 0.002218, -0.000361, 0.999997, -0.867496, -23.050005, -24.011743, 0.100000, 0.100000, 0.100000, 0.002000, 0.100000, 0.002000,"        From the ladder survey"},
    {7411,  -0.998593, -0.052977, 0.002387, 0.052975, -0.998596, -0.000488, 0.002410, -0.000361, 0.999997, -0.858200, -23.052071, -19.657753, 0.100000, 0.100000, 0.100000, 0.002000, 0.100000, 0.002000,"        From the ladder survey"},
    {7511,  -0.998593, -0.052977, 0.002196, 0.052975, -0.998596, -0.000478, 0.002218, -0.000361, 0.999997, -0.849021, -23.054127, -15.310863, 0.100000, 0.100000, 0.100000, 0.002000, 0.100000, 0.002000,"        From the ladder survey"},
    {7611,  -0.998593, -0.052977, 0.002230, 0.052975, -0.998596, -0.000479, 0.002253, -0.000361, 0.999997, -0.839137, -23.056223, -10.961275, 0.100000, 0.100000, 0.100000, 0.002000, 0.100000, 0.002000,"        From the ladder survey"},
    {7711,  -0.998592, -0.052977, 0.002666, 0.052975, -0.998596, -0.000503, 0.002689, -0.000361, 0.999996, -0.828656, -23.058349, -6.612588, 0.100000, 0.100000, 0.100000, 0.002000, 0.100000, 0.002000,"        From the ladder survey"},
    {7811,  -0.998593, -0.052977, 0.002440, 0.052975, -0.998596, -0.000491, 0.002462, -0.000361, 0.999997, -0.817863, -23.060494, -2.259002, 0.100000, 0.100000, 0.100000, 0.002000, 0.100000, 0.002000,"        From the ladder survey"},
    {7911,  -0.998593, -0.052977, 0.002440, 0.052975, -0.998596, -0.000491, 0.002462, -0.000361, 0.999997, -0.808481, -23.062562, 2.089488, 0.100000, 0.100000, 0.100000, 0.002000, 0.100000, 0.002000,"        From the ladder survey"},
    {8011,  -0.998592, -0.052977, 0.002649, 0.052975, -0.998596, -0.000502, 0.002672, -0.000361, 0.999996, -0.797899, -23.064694, 6.438474, 0.100000, 0.100000, 0.100000, 0.002000, 0.100000, 0.002000,"        From the ladder survey"},
